0.010000000000000002 -1253.7563687239779
0.02000000000000001 -1253.756368765935
0.03000000000000002 -1253.7563688340067
0.04000000000000003 -1253.7563689230751
0.05000000000000004 -1253.7563690268196
0.060000000000000046 -1253.7563691381158
0.07000000000000005 -1253.7563692495062
0.08000000000000006 -1253.7563693536838
0.09000000000000007 -1253.7563694439345
0.10000000000000007 -1253.7563695145545
0.11000000000000008 -1253.7563695611868
0.12000000000000009 -1253.7563695810718
0.1300000000000001 -1253.756369573206
0.1400000000000001 -1253.7563695383858
0.1500000000000001 -1253.756369479141
0.16000000000000011 -1253.7563693995703
0.17000000000000012 -1253.7563693050658
0.18000000000000013 -1253.7563692019771
0.19000000000000014 -1253.7563690972001
0.20000000000000015 -1253.7563689977235
0.21000000000000016 -1253.7563689101717
0.22000000000000017 -1253.756368840353
0.23000000000000018 -1253.7563687928468
0.24000000000000019 -1253.7563687706584
0.25000000000000017 -1253.7563687749846
0.2600000000000002 -1253.756368805099
0.2700000000000002 -1253.756368858417
0.2800000000000002 -1253.7563689306953
0.2900000000000002 -1253.7563690163774
0.3000000000000002 -1253.7563691090318
0.3100000000000002 -1253.7563692018284
0.32000000000000023 -1253.7563692880206
0.33000000000000024 -1253.7563693613065
0.34000000000000025 -1253.7563694162068
0.35000000000000026 -1253.756369448504
0.36000000000000026 -1253.7563694555809
0.3700000000000003 -1253.756369436571
0.3800000000000003 -1253.7563693923973
0.3900000000000003 -1253.7563693257914
0.4000000000000003 -1253.7563692411163
0.4100000000000003 -1253.7563691436906
0.4200000000000003 -1253.7563690393113
0.4300000000000003 -1253.7563689343172
0.44000000000000034 -1253.7563688353134
0.45000000000000034 -1253.7563687486554
0.46000000000000035 -1253.7563686799942
0.47000000000000036 -1253.7563686338847
0.48000000000000037 -1253.7563686134513
0.4900000000000004 -1253.7563686201247
0.5000000000000003 -1253.7563686535
0.5100000000000003 -1253.7563687113286
0.5200000000000004 -1253.756368789686
0.5300000000000004 -1253.7563688832672
0.5400000000000004 -1253.7563689857943
0.5500000000000004 -1253.7563690904715
0.5600000000000004 -1253.7563691904725
0.5700000000000004 -1253.7563692794042
0.5800000000000004 -1253.7563693517159
0.5900000000000004 -1253.7563694030673
0.6000000000000004 -1253.756369430583
0.6100000000000004 -1253.756369433032
0.6200000000000004 -1253.7563694108887
0.6300000000000004 -1253.7563693663062
0.6400000000000005 -1253.7563693029178
0.6500000000000005 -1253.7563692255135
0.6600000000000005 -1253.7563691397138
0.6700000000000005 -1253.7563690517075
0.6800000000000005 -1253.7563689678952
0.6900000000000005 -1253.756368894465
0.7000000000000005 -1253.7563688369678
0.7100000000000005 -1253.7563687999427
0.7200000000000005 -1253.7563687865768
0.7300000000000005 -1253.7563687984648
0.7400000000000005 -1253.7563688354346
0.7500000000000006 -1253.7563688955352
0.7600000000000006 -1253.7563689751448
0.7700000000000006 -1253.756369069217
0.7800000000000006 -1253.7563691716948
0.7900000000000006 -1253.7563692760418
0.8000000000000006 -1253.7563693755626
0.8100000000000006 -1253.7563694634273
0.8200000000000006 -1253.7563695333022
0.8300000000000006 -1253.7563695801502
0.8400000000000006 -1253.7563696005216
0.8500000000000006 -1253.7563695926997
0.8600000000000007 -1253.756369556794
0.8700000000000007 -1253.7563694947378
0.8800000000000007 -1253.7563694101518
0.8900000000000007 -1253.756369308112
0.9000000000000007 -1253.7563691948303
0.9100000000000007 -1253.7563690772458
0.9200000000000007 -1253.7563689625954
0.9300000000000007 -1253.7563688579405
0.9400000000000007 -1253.7563687697339
0.9500000000000007 -1253.7563687033885
0.9600000000000007 -1253.756368662848
0.9700000000000008 -1253.7563686502124
0.9800000000000008 -1253.7563686655972
0.9900000000000008 -1253.7563687071793
1.0000000000000007 -1253.7563687713296
1.0109999999999995 -1253.7563688617267
1.0209999999999984 -1253.7563689549734
1.0309999999999973 -1253.7563690514266
1.0409999999999962 -1253.7563691438545
1.050999999999995 -1253.7563692254116
1.060999999999994 -1253.7563692901065
1.0709999999999928 -1253.756369333192
1.0809999999999917 -1253.7563693514628
1.0909999999999906 -1253.7563693434574
1.1009999999999895 -1253.7563693095183
1.1109999999999884 -1253.7563692517788
1.1209999999999873 -1253.756369173991
1.1309999999999862 -1253.7563690812954
1.1409999999999851 -1253.7563689798828
1.150999999999984 -1253.75636887661
1.160999999999983 -1253.7563687785303
1.1709999999999818 -1253.7563686924645
1.1809999999999807 -1253.7563686246185
1.1909999999999796 -1253.7563685801972
1.2009999999999785 -1253.7563685626774
1.2109999999999774 -1253.7563685733533
1.2209999999999763 -1253.7563686116487
1.2309999999999752 -1253.7563686752685
1.2409999999999741 -1253.7563687602405
1.250999999999973 -1253.7563688611413
1.260999999999972 -1253.7563689714957
1.2709999999999708 -1253.7563690842517
1.2809999999999697 -1253.756369192183
1.2909999999999686 -1253.7563692883596
1.3009999999999675 -1253.756369366683
1.3109999999999664 -1253.7563694223484
1.3209999999999653 -1253.7563694521518
1.3309999999999642 -1253.756369454646
1.340999999999963 -1253.7563694302169
1.350999999999962 -1253.756369381024
1.360999999999961 -1253.7563693108323
1.3709999999999598 -1253.7563692247504
1.3809999999999587 -1253.7563691288772
1.3909999999999576 -1253.7563690298925
1.4009999999999565 -1253.756368934622
1.4109999999999554 -1253.756368849585
1.4209999999999543 -1253.7563687805705
1.4309999999999532 -1253.7563687322615
1.440999999999952 -1253.7563687079219
1.450999999999951 -1253.7563687091647
1.46099999999995 -1253.7563687358286
1.4709999999999488 -1253.7563687859488
1.4809999999999477 -1253.7563688558662
1.4909999999999466 -1253.7563689404485
1.5009999999999455 -1253.7563690334707
1.5109999999999444 -1253.7563691280727
1.5209999999999433 -1253.7563692172826
1.5309999999999422 -1253.75636929455
1.540999999999941 -1253.7563693542231
1.55099999999994 -1253.7563693919494
1.5609999999999389 -1253.7563694049827
1.5709999999999378 -1253.7563693924067
1.5809999999999367 -1253.756369355295
1.5909999999999356 -1253.7563692964522
1.6009999999999345 -1253.756369219608
1.6109999999999334 -1253.7563691292003
1.6209999999999323 -1253.7563690305747
1.6309999999999312 -1253.7563689297397
1.64099999999993 -1253.7563688329726
1.650999999999929 -1253.7563687464128
1.6609999999999279 -1253.7563686756753
1.6709999999999268 -1253.7563686254318
1.6809999999999257 -1253.7563685990983
1.6909999999999246 -1253.7563685985633
1.7009999999999235 -1253.7563686240371
1.7109999999999224 -1253.7563686739945
1.7209999999999213 -1253.7563687452177
1.7309999999999202 -1253.7563688329767
1.740999999999919 -1253.756368931324
1.750999999999918 -1253.7563690335028
1.7609999999999169 -1253.7563691324365
1.7709999999999158 -1253.7563692212439
1.7809999999999147 -1253.7563692937351
1.7909999999999136 -1253.7563693448362
1.8009999999999124 -1253.7563693709233
1.8109999999999113 -1253.7563693700615
1.8209999999999102 -1253.756369342108
1.8309999999999091 -1253.756369288707
1.840999999999908 -1253.7563692131664
1.850999999999907 -1253.7563691202247
1.8609999999999058 -1253.7563690157435
1.8709999999999047 -1253.7563689063145
1.8809999999999036 -1253.756368798843
1.8909999999999025 -1253.7563687001134
1.9009999999999014 -1253.7563686163671
1.9109999999999003 -1253.7563685528503
1.9209999999998992 -1253.7563685133996
1.9309999999998981 -1253.7563685002233
1.940999999999897 -1253.7563685138498
1.950999999999896 -1253.7563685530924
1.9609999999998948 -1253.7563686150847
1.9709999999998937 -1253.756368695492
1.9809999999998926 -1253.7563687888348
1.9909999999998915 -1253.7563688885546
2.0009999999998906 -1253.7563689871824
2.0109999999998895 -1253.756369077259
2.0209999999998884 -1253.756369152121
2.0309999999998873 -1253.7563692063
2.0409999999998862 -1253.756369235845
2.050999999999885 -1253.756369238586
2.060999999999884 -1253.7563692142542
2.070999999999883 -1253.7563691644832
2.080999999999882 -1253.7563690926577
2.0909999999998807 -1253.7563690036673
2.1009999999998796 -1253.7563689035624
2.1109999999998785 -1253.7563687991376
2.1209999999998774 -1253.7563686974734
2.1309999999998763 -1253.7563686054777
2.1409999999998752 -1253.75636852943
2.150999999999874 -1253.756368474573
2.160999999999873 -1253.756368444787
2.170999999999872 -1253.7563684423383
2.180999999999871 -1253.7563684677234
2.1909999999998697 -1253.756368519634
2.2009999999998686 -1253.7563685950115
2.2109999999998675 -1253.7563686892408
2.2209999999998664 -1253.756368796405
2.2309999999998653 -1253.7563689096005
2.240999999999864 -1253.756369021337
2.250999999999863 -1253.7563691241455
2.260999999999862 -1253.7563692112096
2.270999999999861 -1253.7563692768585
2.28099999999986 -1253.7563693169586
2.2909999999998587 -1253.7563693291743
2.3009999999998576 -1253.7563693131185
2.3109999999998565 -1253.7563692703518
2.3209999999998554 -1253.7563692042559
2.3309999999998543 -1253.7563691197827
2.340999999999853 -1253.7563690231004
2.350999999999852 -1253.7563689211545
2.360999999999851 -1253.756368821202
2.37099999999985 -1253.7563687304125
2.380999999999849 -1253.7563686553376
2.3909999999998477 -1253.7563686010449
2.4009999999998466 -1253.7563685707796
2.4109999999998455 -1253.7563685661883
2.4209999999998444 -1253.7563685872951
2.4309999999998433 -1253.7563686324029
2.440999999999842 -1253.7563686981803
2.450999999999841 -1253.75636877987
2.46099999999984 -1253.7563688715757
2.470999999999839 -1253.7563689666238
2.480999999999838 -1253.7563690580198
2.4909999999998367 -1253.75636913893
2.5009999999998356 -1253.7563692031963
2.5109999999998345 -1253.7563692457845
2.5209999999998334 -1253.7563692631675
2.5309999999998323 -1253.756369253588
2.540999999999831 -1253.7563692171477
2.55099999999983 -1253.7563691557075
2.560999999999829 -1253.7563690726972
2.570999999999828 -1253.7563689729657
2.5809999999998268 -1253.7563688624944
2.5909999999998257 -1253.7563687479842
2.6009999999998246 -1253.756368636396
2.6109999999998235 -1253.7563685344778
2.6209999999998224 -1253.7563684483298
2.6309999999998213 -1253.7563683830042
2.64099999999982 -1253.756368342188
2.650999999999819 -1253.7563683279775
2.660999999999818 -1253.7563683407523
2.670999999999817 -1253.7563683791589
2.6809999999998158 -1253.7563684401996
2.6909999999998147 -1253.7563685194227
2.7009999999998136 -1253.7563686111832
2.7109999999998124 -1253.7563687089998
2.7209999999998113 -1253.7563688059727
2.7309999999998102 -1253.7563688952578
2.740999999999809 -1253.7563689705644
2.750999999999808 -1253.756369026604
2.760999999999807 -1253.7563690595316
2.770999999999806 -1253.7563690673
2.7809999999998047 -1253.7563690495742
2.7909999999998036 -1253.7563690073564
2.8009999999998025 -1253.7563689431865
2.8109999999998014 -1253.7563688612865
2.8209999999998003 -1253.7563687671868
2.8309999999997992 -1253.756368667294
2.840999999999798 -1253.7563685684545
2.850999999999797 -1253.756368477493
2.860999999999796 -1253.756368400719
2.870999999999795 -1253.756368343405
2.8809999999997937 -1253.756368309439
2.8909999999997926 -1253.7563683011688
2.9009999999997915 -1253.7563683193007
2.9109999999997904 -1253.756368362833
2.9209999999997893 -1253.7563684291324
2.930999999999788 -1253.7563685140694
2.940999999999787 -1253.7563686122799
2.950999999999786 -1253.7563687174775
2.960999999999785 -1253.7563688228286
2.970999999999784 -1253.7563689214078
2.9809999999997827 -1253.7563690066645
2.9909999999997816 -1253.7563690729016
3.0009999999997805 -1253.7563691156897
3.0109999999997794 -1253.7563691321986
3.0209999999997783 -1253.75636912139
3.030999999999777 -1253.7563690840873
3.040999999999776 -1253.7563690228997
3.050999999999775 -1253.7563689420322
3.060999999999774 -1253.756368846986
3.070999999999773 -1253.7563687441707
3.0809999999997717 -1253.7563686404721
3.0909999999997706 -1253.7563685427874
3.1009999999997695 -1253.7563684575775
3.1109999999997684 -1253.756368390439
3.1209999999997673 -1253.7563683457681
3.130999999999766 -1253.7563683264793
3.140999999999765 -1253.7563683338392
3.150999999999764 -1253.7563683674173
3.160999999999763 -1253.7563684252477
3.170999999999762 -1253.7563685039913
3.1809999999997607 -1253.7563685986825
3.1909999999997596 -1253.7563687027719
3.2009999999997585 -1253.7563688089283
3.2109999999997574 -1253.756368909691
3.2209999999997563 -1253.7563689979297
3.230999999999755 -1253.7563690673765
3.240999999999754 -1253.7563691131443
3.250999999999753 -1253.7563691321054
3.260999999999752 -1253.756369123078
3.2709999999997508 -1253.756369086886
3.2809999999997497 -1253.7563690262562
3.2909999999997486 -1253.756368945604
3.3009999999997475 -1253.7563688506987
3.3109999999997464 -1253.7563687482507
3.3209999999997453 -1253.7563686454182
3.330999999999744 -1253.7563685493153
3.340999999999743 -1253.7563684665013
3.350999999999742 -1253.7563684025488
3.360999999999741 -1253.7563683616536
3.3709999999997398 -1253.756368346373
3.3809999999997387 -1253.7563683574665
3.3909999999997376 -1253.756368393856
3.4009999999997365 -1253.7563684527277
3.4109999999997354 -1253.7563685297205
3.4209999999997343 -1253.7563686192236
3.430999999999733 -1253.7563687147392
3.440999999999732 -1253.7563688092857
3.450999999999731 -1253.7563688958455
3.46099999999973 -1253.7563689678275
3.4709999999997287 -1253.7563690195382
3.4809999999997276 -1253.7563690466225
3.4909999999997265 -1253.7563690463992
3.5009999999997254 -1253.7563690180025
3.5109999999997243 -1253.7563689624142
3.5209999999997232 -1253.756368882487
3.530999999999722 -1253.7563687828285
3.540999999999721 -1253.7563686694682
3.55099999999972 -1253.7563685494565
3.560999999999719 -1253.7563684304675
3.5709999999997177 -1253.756368320117
3.5809999999997166 -1253.7563682250154
3.5909999999997155 -1253.756368150482
3.6009999999997144 -1253.7563681005884
3.6109999999997133 -1253.7563680778765
3.6209999999997122 -1253.7563680831408
3.630999999999711 -1253.7563681153893
3.64099999999971 -1253.7563681719434
3.650999999999709 -1253.7563682486268
3.660999999999708 -1253.7563683400463
3.6709999999997067 -1253.756368439929
3.6809999999997056 -1253.7563685415143
3.6909999999997045 -1253.7563686379603
3.7009999999997034 -1253.7563687227698
3.7109999999997023 -1253.7563687902211
3.720999999999701 -1253.7563688357711
3.7309999999997 -1253.7563688564
3.740999999999699 -1253.7563688508455
3.750999999999698 -1253.7563688197215
3.760999999999697 -1253.7563687654788
3.7709999999996957 -1253.756368692226
3.7809999999996946 -1253.7563686054477
3.7909999999996935 -1253.7563685116118
3.8009999999996924 -1253.7563684177182
3.8109999999996913 -1253.7563683307824
3.82099999999969 -1253.7563682572386
3.830999999999689 -1253.7563682024795
3.840999999999688 -1253.7563681705908
3.850999999999687 -1253.7563681641147
3.860999999999686 -1253.7563681838992
3.8709999999996847 -1253.756368229039
3.8809999999996836 -1253.7563682969558
3.8909999999996825 -1253.7563683835892
3.9009999999996814 -1253.7563684836814
3.9109999999996803 -1253.756368591123
3.920999999999679 -1253.7563686993383
3.930999999999678 -1253.7563688016755
3.940999999999677 -1253.7563688918176
3.950999999999676 -1253.7563689642247
3.960999999999675 -1253.7563690145728
3.9709999999996737 -1253.7563690397117
3.9809999999996726 -1253.756369037675
3.9909999999996715 -1253.7563690082186
4.000999999999671 -1253.7563689530766
4.010999999999674 -1253.7563688757602
4.0209999999996775 -1253.756368781272
4.030999999999681 -1253.7563686757605
4.040999999999684 -1253.7563685660855
4.0509999999996875 -1253.756368459331
4.060999999999691 -1253.7563683623098
4.070999999999694 -1253.756368281093
4.0809999999996975 -1253.7563682205907
4.090999999999701 -1253.7563681842323
4.100999999999704 -1253.7563681737508
4.1109999999997076 -1253.756368189098
4.120999999999711 -1253.7563682284897
4.130999999999714 -1253.7563682884952
4.140999999999718 -1253.7563683642027
4.150999999999721 -1253.7563684495906
4.160999999999724 -1253.756368538021
4.170999999999728 -1253.7563686227002
4.180999999999731 -1253.7563686970864
4.190999999999734 -1253.7563687553047
4.200999999999738 -1253.7563687925324
4.210999999999741 -1253.7563688053594
4.220999999999744 -1253.7563687920438
4.230999999999748 -1253.756368752694
4.240999999999751 -1253.756368689278
4.250999999999754 -1253.7563686055207
4.260999999999758 -1253.756368506649
4.270999999999761 -1253.7563683990272
4.280999999999764 -1253.7563682897203
4.290999999999768 -1253.7563681859972
4.300999999999771 -1253.7563680948276
4.310999999999774 -1253.756368022397
4.320999999999778 -1253.7563679736772
4.330999999999781 -1253.7563679520874
4.340999999999784 -1253.7563679592788
4.350999999999788 -1253.7563679951304
4.360999999999791 -1253.7563680577
4.370999999999794 -1253.7563681429413
4.380999999999798 -1253.7563682450314
4.390999999999801 -1253.7563683572098
4.400999999999804 -1253.7563684722709
4.410999999999808 -1253.7563685829334
4.420999999999811 -1253.7563686822914
4.430999999999814 -1253.7563687642398
4.440999999999818 -1253.7563688238529
4.450999999999821 -1253.756368857628
4.460999999999824 -1253.7563688636624
4.470999999999828 -1253.7563688418797
4.480999999999831 -1253.7563687941354
4.4909999999998345 -1253.7563687241275
4.500999999999838 -1253.7563686371207
4.510999999999841 -1253.7563685395746
4.5209999999998445 -1253.756368438679
4.530999999999848 -1253.7563683418412
4.540999999999851 -1253.7563682561395
4.5509999999998545 -1253.7563681878278
4.560999999999858 -1253.7563681418767
4.570999999999861 -1253.7563681216284
4.5809999999998645 -1253.7563681285671
4.590999999999868 -1253.7563681622316
4.600999999999871 -1253.7563682202617
4.6109999999998745 -1253.756368298584
4.620999999999878 -1253.7563683917176
4.630999999999881 -1253.756368493162
4.6409999999998846 -1253.7563685958548
4.650999999999888 -1253.756368692632
4.660999999999891 -1253.7563687767013
4.670999999999895 -1253.756368842059
4.680999999999898 -1253.7563688838693
4.690999999999901 -1253.7563688987868
4.700999999999905 -1253.7563688852129
4.710999999999908 -1253.7563688434402
4.720999999999911 -1253.756368775692
4.730999999999915 -1253.7563686860037
4.740999999999918 -1253.7563685800462
4.750999999999921 -1253.7563684648476
4.760999999999925 -1253.7563683480646
4.770999999999928 -1253.7563682370132
4.780999999999931 -1253.7563681384265
4.790999999999935 -1253.7563680583094
4.800999999999938 -1253.7563680014382
4.810999999999941 -1253.7563679709644
4.820999999999945 -1253.7563679682405
4.830999999999948 -1253.756367992818
4.840999999999951 -1253.756368042531
4.850999999999955 -1253.756368113652
4.860999999999958 -1253.7563682011373
4.870999999999961 -1253.7563682989548
4.880999999999965 -1253.7563684004929
4.890999999999968 -1253.7563684989868
4.900999999999971 -1253.756368587953
4.910999999999975 -1253.7563686615727
4.920999999999978 -1253.7563687150414
4.930999999999981 -1253.756368744851
4.940999999999985 -1253.7563687490153
4.950999999999988 -1253.7563687272118
4.960999999999991 -1253.7563686808585
4.970999999999995 -1253.7563686130336
4.980999999999998 -1253.7563685283037
4.990000000000001 -1253.7563684423276
5.000000000000004 -1253.7563683419826
5.010000000000008 -1253.756368243206
5.020000000000011 -1253.7563681527527
5.0300000000000145 -1253.7563680768012
5.040000000000018 -1253.7563680205035
5.050000000000021 -1253.7563679876341
5.0600000000000245 -1253.7563679803345
5.070000000000028 -1253.75636799899
5.080000000000031 -1253.756368042187
5.0900000000000345 -1253.7563681067456
5.100000000000038 -1253.7563681879603
5.110000000000041 -1253.7563682800378
5.1200000000000445 -1253.7563683765652
5.130000000000048 -1253.7563684709428
5.140000000000051 -1253.7563685569032
5.1500000000000545 -1253.7563686289066
5.160000000000058 -1253.7563686821024
5.170000000000061 -1253.7563687124346
5.1800000000000646 -1253.7563687173244
5.190000000000068 -1253.7563686959982
5.200000000000071 -1253.7563686494746
5.210000000000075 -1253.7563685805235
5.220000000000078 -1253.7563684935135
5.230000000000081 -1253.7563683941448
5.240000000000085 -1253.7563682890634
5.250000000000088 -1253.7563681853965
5.260000000000091 -1253.7563680902458
5.270000000000095 -1253.7563680101723
5.280000000000098 -1253.7563679507339
5.290000000000101 -1253.75636791608
5.300000000000105 -1253.7563679086602
5.310000000000108 -1253.7563679290502
5.320000000000111 -1253.7563679759219
5.330000000000115 -1253.7563680461533
5.340000000000118 -1253.756368135058
5.350000000000121 -1253.756368236734
5.360000000000125 -1253.7563683444855
5.370000000000128 -1253.7563684512943
5.380000000000131 -1253.756368550304
5.390000000000135 -1253.7563686352785
5.400000000000138 -1253.7563687009276
5.410000000000141 -1253.756368743133
5.420000000000145 -1253.7563687592133
5.430000000000148 -1253.7563687481902
5.440000000000151 -1253.7563687109014
5.450000000000155 -1253.756368649972
5.460000000000158 -1253.7563685696791
5.470000000000161 -1253.7563684756985
5.480000000000165 -1253.756368374733
5.490000000000168 -1253.7563682740638
5.500000000000171 -1253.7563681810432
5.510000000000175 -1253.756368102559
5.520000000000178 -1253.7563680445414
5.530000000000181 -1253.756368011547
5.540000000000185 -1253.7563680065177
5.550000000000188 -1253.7563680304359
5.5600000000001915 -1253.7563680818123
5.570000000000195 -1253.75636815694
5.580000000000198 -1253.7563682505777
5.5900000000002015 -1253.7563683562985
5.600000000000205 -1253.7563684668912
5.610000000000208 -1253.7563685748519
5.6200000000002115 -1253.7563686729093
5.630000000000215 -1253.7563687545023
5.640000000000218 -1253.7563688141947
5.6500000000002215 -1253.7563688479947
5.660000000000225 -1253.7563688535697
5.670000000000228 -1253.7563688303799
5.6800000000002315 -1253.7563687797056
5.690000000000235 -1253.7563687045952
5.700000000000238 -1253.7563686097226
5.7100000000002415 -1253.756368501098
5.720000000000245 -1253.7563683856204
5.730000000000248 -1253.7563682705445
5.740000000000252 -1253.7563681630563
5.750000000000255 -1253.7563680698463
5.760000000000258 -1253.7563679966506
5.770000000000262 -1253.7563679478276
5.780000000000265 -1253.7563679260459
5.790000000000268 -1253.7563679320997
5.800000000000272 -1253.75636796485
5.810000000000275 -1253.7563680213188
5.820000000000278 -1253.7563680969115
5.830000000000282 -1253.7563681857512
5.840000000000285 -1253.7563682811158
5.850000000000288 -1253.7563683759174
5.860000000000292 -1253.7563684632087
5.870000000000295 -1253.7563685366674
5.880000000000298 -1253.7563685910063
5.890000000000302 -1253.7563686223198
5.900000000000305 -1253.7563686283027
5.910000000000308 -1253.7563686083747
5.920000000000312 -1253.7563685636871
5.930000000000315 -1253.7563684971376
5.940000000000318 -1253.756368413267
5.950000000000322 -1253.7563683176659
5.960000000000325 -1253.7563682163623
5.970000000000328 -1253.7563681158033
5.980000000000332 -1253.7563680226538
5.990000000000335 -1253.7563679432499
6.000000000000338 -1253.756367883107
6.010000000000342 -1253.756367846518
6.020000000000345 -1253.7563678362662
6.030000000000348 -1253.7563678533797
6.040000000000352 -1253.7563678969586
6.050000000000355 -1253.7563679641896
6.060000000000358 -1253.7563680506362
6.070000000000362 -1253.7563681506044
6.080000000000365 -1253.7563682575578
6.0900000000003685 -1253.7563683645546
6.100000000000372 -1253.7563684647398
6.110000000000375 -1253.7563685518094
6.1200000000003785 -1253.756368620433
6.130000000000382 -1253.7563686665796
6.140000000000385 -1253.7563686877438
6.1500000000003885 -1253.7563686830608
6.160000000000392 -1253.756368653342
6.170000000000395 -1253.756368600992
6.1800000000003985 -1253.756368529884
6.190000000000402 -1253.7563684451375
6.200000000000405 -1253.7563683528076
6.2100000000004085 -1253.7563682595
6.220000000000412 -1253.756368171942
6.230000000000415 -1253.7563680965077
6.2400000000004185 -1253.7563680387732
6.250000000000422 -1253.756368003121
6.260000000000425 -1253.7563679924156
6.270000000000429 -1253.756368007803
6.280000000000432 -1253.7563680486237
6.290000000000435 -1253.7563681124711
6.300000000000439 -1253.7563681953552
6.310000000000442 -1253.7563682919908
6.320000000000445 -1253.7563683961896
6.330000000000449 -1253.756368501415
6.340000000000452 -1253.7563686011847
6.350000000000455 -1253.7563686890871
6.360000000000459 -1253.7563687591473
6.370000000000462 -1253.7563688066746
6.380000000000465 -1253.7563688286643
6.390000000000469 -1253.756368823847
6.400000000000472 -1253.7563687926477
6.410000000000475 -1253.7563687371337
6.420000000000479 -1253.7563686609667
6.430000000000482 -1253.7563685692362
6.440000000000485 -1253.75636846818
6.450000000000489 -1253.7563683647747
6.460000000000492 -1253.7563682662444
6.470000000000495 -1253.7563681795414
6.480000000000499 -1253.7563681108484
6.490000000000502 -1253.7563680651162
6.500000000000505 -1253.756368045698
6.510000000000509 -1253.756368054096
6.520000000000512 -1253.7563680898309
6.530000000000515 -1253.7563681504673
6.540000000000519 -1253.75636823178
6.550000000000522 -1253.756368328049
6.560000000000525 -1253.7563684324737
6.570000000000529 -1253.7563685376465
6.580000000000532 -1253.756368636096
6.590000000000535 -1253.7563687208103
6.600000000000539 -1253.756368785718
6.610000000000542 -1253.7563688261155
6.6200000000005454 -1253.7563688389562
6.630000000000549 -1253.7563688230255
6.640000000000552 -1253.7563687789939
6.6500000000005555 -1253.75636870935
6.660000000000559 -1253.7563686182407
6.670000000000562 -1253.7563685111604
6.6800000000005655 -1253.756368394558
6.690000000000569 -1253.756368275501
6.700000000000572 -1253.75636816131
6.7100000000005755 -1253.7563680591063
6.720000000000579 -1253.7563679753548
6.730000000000582 -1253.7563679154812
6.7400000000005855 -1253.7563678832516
6.750000000000589 -1253.7563678801105
6.760000000000592 -1253.756367905381
6.7700000000005955 -1253.7563679566063
6.780000000000599 -1253.756368029663
6.790000000000602 -1253.7563681189874
6.800000000000606 -1253.756368217986
6.810000000000609 -1253.756368319494
6.820000000000612 -1253.756368416301
6.830000000000616 -1253.7563685016437
6.840000000000619 -1253.7563685696814
6.850000000000622 -1253.756368615884
6.860000000000626 -1253.7563686373312
6.870000000000629 -1253.7563686328747
6.880000000000632 -1253.7563686031747
6.890000000000636 -1253.756368550609
6.900000000000639 -1253.7563684790903
6.910000000000642 -1253.7563683938022
6.920000000000646 -1253.7563683008784
6.930000000000649 -1253.7563682070347
6.940000000000652 -1253.756368119145
6.950000000000656 -1253.7563680437927
6.960000000000659 -1253.7563679868244
6.970000000000662 -1253.7563679529437
6.980000000000666 -1253.7563679453638
6.990000000000669 -1253.7563679654536
7.000000000000672 -1253.7563680125809
7.010000000000676 -1253.7563680841974
7.020000000000679 -1253.7563681760812
7.030000000000682 -1253.7563682826192
7.040000000000686 -1253.7563683971903
7.050000000000689 -1253.756368512628
7.060000000000692 -1253.7563686217281
7.070000000000696 -1253.7563687177587
7.080000000000699 -1253.7563687949346
7.090000000000702 -1253.7563688488196
7.100000000000706 -1253.7563688766038
7.110000000000709 -1253.756368877283
7.120000000000712 -1253.7563688517557
7.130000000000716 -1253.7563688027196
7.140000000000719 -1253.7563687340376
7.1500000000007224 -1253.7563686503418
7.160000000000726 -1253.7563685571747
7.170000000000729 -1253.756368460778
7.1800000000007325 -1253.7563683676224
7.190000000000736 -1253.756368283973
7.200000000000739 -1253.7563682154887
7.2100000000007425 -1253.7563681668353
7.220000000000746 -1253.756368141347
7.230000000000749 -1253.7563681407762
7.2400000000007525 -1253.7563681651488
7.250000000000756 -1253.756368212737
7.260000000000759 -1253.756368280167
7.2700000000007625 -1253.7563683626374
7.280000000000766 -1253.7563684542642
7.290000000000769 -1253.756368548504
7.3000000000007725 -1253.7563686385854
7.310000000000776 -1253.756368717901
7.320000000000779 -1253.7563687804618
7.330000000000783 -1253.7563688214143
7.340000000000786 -1253.7563688374373
7.350000000000789 -1253.756368826954
7.360000000000793 -1253.7563687902173
7.370000000000796 -1253.7563687292563
7.380000000000799 -1253.7563686477135
7.390000000000803 -1253.7563685505709
7.400000000000806 -1253.7563684438298
7.410000000000809 -1253.756368334135
7.420000000000813 -1253.756368228375
7.430000000000816 -1253.7563681332697
7.440000000000819 -1253.7563680549324
7.450000000000823 -1253.7563679984744
7.460000000000826 -1253.7563679676543
7.470000000000829 -1253.7563679646069
7.480000000000833 -1253.7563679896787
7.490000000000836 -1253.7563680413907
7.500000000000839 -1253.756368116514
7.510000000000843 -1253.7563682103068
7.520000000000846 -1253.7563683169371
7.530000000000849 -1253.7563684297077
7.540000000000853 -1253.756368541108
7.550000000000856 -1253.756368643538
7.560000000000859 -1253.7563687302138
7.570000000000863 -1253.7563687956215
7.580000000000866 -1253.7563688358257
7.590000000000869 -1253.756368848731
7.600000000000873 -1253.756368834216
7.610000000000876 -1253.7563687941085
7.620000000000879 -1253.7563687319632
7.630000000000883 -1253.7563686526657
7.640000000000886 -1253.7563685621087
7.650000000000889 -1253.7563684668899
7.660000000000893 -1253.7563683739259
7.670000000000896 -1253.756368289995
7.680000000000899 -1253.7563682213126
7.690000000000903 -1253.7563681731024
7.700000000000906 -1253.7563681492343
7.7100000000009095 -1253.7563681519414
7.720000000000913 -1253.7563681816368
7.730000000000916 -1253.7563682368614
7.7400000000009195 -1253.7563683143424
7.750000000000923 -1253.7563684092102
7.760000000000926 -1253.7563685153152
7.7700000000009295 -1253.7563686256465
7.780000000000933 -1253.7563687328204
7.790000000000936 -1253.7563688295934
7.8000000000009395 -1253.7563689093838
7.810000000000943 -1253.7563689667284
7.820000000000946 -1253.7563689976855
7.8300000000009495 -1253.7563690001098
7.840000000000953 -1253.7563689738079
7.850000000000956 -1253.7563689205451
7.8600000000009596 -1253.7563688438988
7.870000000000963 -1253.7563687490012
7.880000000000966 -1253.7563686421652
7.89000000000097 -1253.7563685304667
7.900000000000973 -1253.75636842128
7.910000000000976 -1253.7563683219053
7.92000000000098 -1253.756368239164
7.930000000000983 -1253.7563681786182
7.940000000000986 -1253.7563681438924
7.95000000000099 -1253.7563681367844
7.960000000000993 -1253.756368157409
7.970000000000996 -1253.756368204167
7.980000000001 -1253.7563682737664
7.990000000001003 -1253.7563683613469
8.000000000001005 -1253.7563684607626
8.010000000001 -1253.7563685650307
8.020000000000994 -1253.7563686668811
8.030000000000989 -1253.756368759294
8.040000000000983 -1253.7563688360026
8.050000000000978 -1253.7563688918974
8.060000000000972 -1253.7563689233673
8.070000000000967 -1253.7563689285337
8.080000000000961 -1253.756368907377
8.090000000000956 -1253.7563688617122
8.10000000000095 -1253.756368795048
8.110000000000944 -1253.7563687122954
8.120000000000939 -1253.7563686194017
8.130000000000933 -1253.756368522927
8.140000000000928 -1253.7563684295917
8.150000000000922 -1253.7563683458682
8.160000000000917 -1253.7563682775708
8.170000000000911 -1253.756368229498
8.180000000000906 -1253.756368205124
8.1900000000009 -1253.7563682063576
8.200000000000895 -1253.7563682334094
8.210000000000889 -1253.7563682847476
8.220000000000883 -1253.756368357187
8.230000000000878 -1253.756368446096
8.240000000000872 -1253.7563685457083
8.250000000000867 -1253.7563686494962
8.260000000000861 -1253.7563687505233
8.270000000000856 -1253.7563688419013
8.28000000000085 -1253.756368917349
8.290000000000845 -1253.7563689716962
8.30000000000084 -1253.756369001263
8.310000000000834 -1253.7563690042232
8.320000000000828 -1253.7563689806307
8.330000000000823 -1253.7563689319984
8.340000000000817 -1253.7563688612313
8.350000000000811 -1253.7563687728396
8.360000000000806 -1253.756368672616
8.3700000000008 -1253.7563685671362
8.380000000000795 -1253.756368463293
8.39000000000079 -1253.7563683678636
8.400000000000784 -1253.7563682870843
8.410000000000778 -1253.7563682262687
8.420000000000773 -1253.7563681894608
8.430000000000767 -1253.7563681791753
8.440000000000762 -1253.7563681962085
8.450000000000756 -1253.7563682395719
8.46000000000075 -1253.756368306534
8.470000000000745 -1253.7563683927922
8.48000000000074 -1253.7563684927502
8.490000000000734 -1253.7563685998862
8.500000000000728 -1253.756368707197
8.510000000000723 -1253.7563688076732
8.520000000000717 -1253.7563688947912
8.530000000000712 -1253.7563689629712
8.540000000000706 -1253.7563690079605
8.5500000000007 -1253.75636902716
8.560000000000695 -1253.7563690198156
8.57000000000069 -1253.756368987028
8.580000000000684 -1253.756368931582
8.590000000000678 -1253.7563688577295
8.600000000000673 -1253.7563687709667
8.610000000000667 -1253.7563686776596
8.620000000000662 -1253.7563685845812
8.630000000000656 -1253.756368498451
8.64000000000065 -1253.7563684255015
8.650000000000645 -1253.7563683711128
8.66000000000064 -1253.7563683394678
8.670000000000634 -1253.7563683333008
8.680000000000629 -1253.7563683537012
8.690000000000623 -1253.7563684000095
8.700000000000617 -1253.7563684699003
8.710000000000612 -1253.756368559586
8.720000000000606 -1253.7563686637664
8.7300000000006 -1253.75636877563
8.740000000000595 -1253.7563688876517
8.75000000000059 -1253.7563689923725
8.760000000000584 -1253.7563690828426
8.770000000000579 -1253.7563691530509
8.780000000000573 -1253.7563691983564
8.790000000000568 -1253.7563692158149
8.800000000000562 -1253.7563692044014
8.810000000000556 -1253.7563691650848
8.820000000000551 -1253.7563691007538
8.830000000000545 -1253.7563690160202
8.84000000000054 -1253.756368916858
8.850000000000534 -1253.756368810165
8.860000000000529 -1253.7563687032582
8.870000000000523 -1253.7563686033675
8.880000000000518 -1253.7563685171713
8.890000000000512 -1253.7563684502993
8.900000000000507 -1253.756368406916
8.910000000000501 -1253.756368389506
8.920000000000496 -1253.7563683988037
8.93000000000049 -1253.7563684337706
8.940000000000484 -1253.7563684916342
8.950000000000479 -1253.7563685680689
8.960000000000473 -1253.756368657458
8.970000000000468 -1253.7563687532818
8.980000000000462 -1253.7563688485375
8.990000000000457 -1253.756368936222
9.000000000000451 -1253.756369009812
9.010000000000446 -1253.7563690637228
9.02000000000044 -1253.756369093702
9.030000000000435 -1253.7563690971588
9.040000000000429 -1253.7563690733625
9.050000000000423 -1253.7563690235238
9.060000000000418 -1253.756368950732
9.070000000000412 -1253.756368859758
9.080000000000407 -1253.756368756709
9.090000000000401 -1253.7563686485958
9.100000000000396 -1253.7563685429016
9.11000000000039 -1253.7563684470347
9.120000000000385 -1253.7563683673916
9.13000000000038 -1253.7563683088931
9.140000000000374 -1253.756368275125
9.150000000000368 -1253.7563682682307
9.160000000000363 -1253.7563682887042
9.170000000000357 -1253.7563683353446
9.180000000000351 -1253.7563684053318
9.190000000000346 -1253.7563684944182
9.20000000000034 -1253.7563685971686
9.210000000000335 -1253.7563687072236
9.22000000000033 -1253.7563688176283
9.230000000000324 -1253.7563689213707
9.240000000000318 -1253.7563690119032
9.250000000000313 -1253.7563690836016
9.260000000000307 -1253.7563691321154
9.270000000000302 -1253.7563691546818
9.280000000000296 -1253.7563691503271
9.29000000000029 -1253.7563691199348
9.300000000000285 -1253.756369066205
9.31000000000028 -1253.7563689934727
9.320000000000274 -1253.7563689073907
9.330000000000268 -1253.7563688145297
9.340000000000263 -1253.75636872188
9.350000000000257 -1253.7563686363444
9.360000000000252 -1253.7563685642424
9.370000000000246 -1253.7563685108923
9.38000000000024 -1253.75636848028
9.390000000000235 -1253.7563684748366
9.40000000000023 -1253.756368495295
9.410000000000224 -1253.7563685406674
9.420000000000218 -1253.756368608322
9.430000000000213 -1253.7563686941478
9.440000000000207 -1253.7563687928382
9.450000000000202 -1253.756368898237
9.460000000000196 -1253.7563690037407
9.47000000000019 -1253.756369102735
9.480000000000185 -1253.7563691890343
9.49000000000018 -1253.7563692573246
9.500000000000174 -1253.7563693036313
9.510000000000169 -1253.7563693254083
9.520000000000163 -1253.7563693212985
9.530000000000157 -1253.7563692913984
9.540000000000152 -1253.7563692376225
9.550000000000146 -1253.7563691636576
9.56000000000014 -1253.7563690747265
9.570000000000135 -1253.7563689771887
9.58000000000013 -1253.7563688780006
9.590000000000124 -1253.7563687841355
9.600000000000119 -1253.7563687020618
9.610000000000113 -1253.7563686373444
9.620000000000108 -1253.7563685943446
9.630000000000102 -1253.7563685759917
9.640000000000096 -1253.7563685836037
9.650000000000091 -1253.7563686167882
9.660000000000085 -1253.756368673459
9.67000000000008 -1253.7563687499571
9.680000000000074 -1253.7563688412786
9.690000000000069 -1253.756368941389
9.700000000000063 -1253.7563690436152
9.710000000000058 -1253.7563691410774
9.720000000000052 -1253.7563692271417
9.730000000000047 -1253.756369295864
9.740000000000041 -1253.7563693423897
9.750000000000036 -1253.7563693633028
9.76000000000003 -1253.7563693568707
9.770000000000024 -1253.7563693231903
9.780000000000019 -1253.7563692642145
9.790000000000013 -1253.7563691836344
9.800000000000008 -1253.7563690866668
9.810000000000002 -1253.7563689796827
9.820999999999996 -1253.7563688589178
9.83099999999999 -1253.756368754265
9.840999999999985 -1253.7563686616422
9.85099999999998 -1253.7563685869561
9.860999999999974 -1253.7563685347639
9.870999999999968 -1253.7563685080906
9.880999999999963 -1253.756368508292
9.890999999999957 -1253.7563685350651
9.900999999999952 -1253.7563685864804
9.910999999999946 -1253.7563686587184
9.92099999999994 -1253.7563687461877
9.930999999999935 -1253.7563688423445
9.94099999999993 -1253.756368940228
9.950999999999924 -1253.7563690328216
9.960999999999919 -1253.756369113502
9.970999999999913 -1253.7563691764728
9.980999999999908 -1253.7563692171652
9.990999999999902 -1253.756369232551
10.000999999999896 -1253.7563692213555
10.01099999999989 -1253.7563691841606
10.020999999999885 -1253.7563691233865
10.03099999999988 -1253.756369043158
10.040999999999874 -1253.7563689490269
10.050999999999869 -1253.7563688476139
10.060999999999863 -1253.7563687461356
10.070999999999858 -1253.7563686518877
10.080999999999852 -1253.7563685717068
10.090999999999847 -1253.75636851148
10.100999999999841 -1253.7563684757145
10.110999999999835 -1253.756368467266
10.12099999999983 -1253.7563684871668
10.130999999999824 -1253.7563685345963
10.140999999999819 -1253.756368606982
10.150999999999813 -1253.756368700168
10.160999999999808 -1253.756368808609
10.170999999999802 -1253.7563689256601
10.180999999999797 -1253.7563690440813
10.190999999999791 -1253.7563691565708
10.200999999999786 -1253.7563692562483
10.21099999999978 -1253.7563693370896
10.220999999999774 -1253.756369394314
10.230999999999769 -1253.7563694247146
10.240999999999763 -1253.7563694268713
10.250999999999758 -1253.7563694012797
10.260999999999752 -1253.7563693503198
10.270999999999747 -1253.7563692781098
10.280999999999741 -1253.7563691902835
10.290999999999736 -1253.7563690936931
10.30099999999973 -1253.756368995783
10.310999999999725 -1253.7563689036285
10.320999999999719 -1253.7563688236082
10.330999999999714 -1253.7563687613042
10.340999999999708 -1253.7563687210682
10.350999999999702 -1253.7563687056684
10.360999999999697 -1253.7563687161114
10.370999999999691 -1253.7563687516324
10.380999999999686 -1253.7563688097832
10.39099999999968 -1253.7563688866114
10.400999999999675 -1253.7563689769372
10.41099999999967 -1253.7563690746947
10.420999999999664 -1253.7563691733262
10.430999999999658 -1253.7563692662047
10.440999999999653 -1253.7563693470631
10.450999999999647 -1253.7563694104051
10.460999999999641 -1253.7563694518783
10.470999999999636 -1253.7563694685364
10.48099999999963 -1253.7563694589537
10.490999999999625 -1253.7563694233047
10.50099999999962 -1253.7563693634609
10.510999999999614 -1253.7563692829494
10.520999999999608 -1253.7563691867306
10.530999999999603 -1253.756369080886
10.540999999999597 -1253.7563689721992
10.550999999999592 -1253.7563688676964
10.560999999999586 -1253.756368774141
10.57099999999958 -1253.7563686975393
10.580999999999575 -1253.7563686426865
10.59099999999957 -1253.7563686128456
10.600999999999564 -1253.7563686095273
10.610999999999558 -1253.7563686324497
10.620999999999553 -1253.7563686795972
10.630999999999547 -1253.756368747406
10.640999999999542 -1253.756368831035
10.650999999999536 -1253.756368924694
10.66099999999953 -1253.75636902203
10.670999999999525 -1253.7563691165392
10.68099999999952 -1253.7563692020562
10.690999999999514 -1253.756369273191
10.700999999999508 -1253.7563693253303
10.710999999999503 -1253.7563693547058
10.720999999999497 -1253.7563693590478
10.730999999999492 -1253.756369337954
10.740999999999486 -1253.7563692928577
10.75099999999948 -1253.7563692269036
10.760999999999475 -1253.7563691447751
10.77099999999947 -1253.756369052398
10.780999999999464 -1253.7563689565534
10.790999999999459 -1253.7563688643586
10.800999999999453 -1253.7563687826548
10.810999999999447 -1253.7563687175054
10.820999999999442 -1253.7563686738242
10.830999999999436 -1253.75636865504
10.84099999999943 -1253.7563686628391
10.850999999999425 -1253.7563686970518
10.86099999999942 -1253.7563687557067
10.870999999999414 -1253.7563688351954
10.880999999999409 -1253.7563689305268
10.890999999999403 -1253.7563690356758
10.900999999999398 -1253.7563691439782
10.910999999999392 -1253.756369248555
10.920999999999387 -1253.7563693427571
10.930999999999381 -1253.7563694205865
10.940999999999375 -1253.7563694770854
10.95099999999937 -1253.7563695086517
10.960999999999364 -1253.7563695132887
10.970999999999359 -1253.7563694907349
10.980999999999353 -1253.7563694425112
10.990999999999348 -1253.7563693718346
11.000999999999342 -1253.7563692834449
11.010999999999337 -1253.756369183307
11.020999999999331 -1253.756369078246
11.030999999999326 -1253.756368975495
11.04099999999932 -1253.7563688822097
11.050999999999314 -1253.756368804962
11.060999999999309 -1253.7563687492413
11.070999999999303 -1253.7563687190684
11.080999999999298 -1253.7563687167954
11.090999999999292 -1253.7563687428808
11.100999999999287 -1253.756368795461
11.110999999999281 -1253.7563688705097
11.120999999999276 -1253.7563689625044
11.13099999999927 -1253.7563690649063
11.140999999999265 -1253.756369170641
11.150999999999259 -1253.7563692725887
11.160999999999254 -1253.7563693640395
11.170999999999248 -1253.7563694390683
11.180999999999242 -1253.7563694928247
11.190999999999237 -1253.7563695217955
11.200999999999231 -1253.756369524046
11.210999999999226 -1253.7563694994224
11.22099999999922 -1253.7563694496052
11.230999999999215 -1253.7563693780278
11.24099999999921 -1253.7563692896263
11.250999999999204 -1253.7563691905134
11.260999999999198 -1253.7563690875565
11.270999999999193 -1253.7563689879316
11.280999999999187 -1253.7563688986188
11.290999999999181 -1253.756368825916
11.300999999999176 -1253.756368774966
11.31099999999917 -1253.7563687493657
11.320999999999165 -1253.756368750888
11.33099999999916 -1253.7563687793483
11.340999999999154 -1253.7563688326468
11.350999999999148 -1253.7563689069548
11.360999999999143 -1253.756368997026
11.370999999999137 -1253.7563690965812
11.380999999999132 -1253.7563691987607
11.390999999999126 -1253.7563692965748
11.40099999999912 -1253.756369383381
11.410999999999115 -1253.7563694533185
11.42099999999911 -1253.7563695016806
11.430999999999104 -1253.7563695251245
11.440999999999098 -1253.7563695218373
11.450999999999093 -1253.7563694917394
11.460999999999087 -1253.7563694365447
11.470999999999082 -1253.7563693597203
11.480999999999076 -1253.7563692663425
11.49099999999907 -1253.7563691624873
11.500999999999065 -1253.7563690545132
11.51099999999906 -1253.7563689489775
11.520999999999054 -1253.7563688524958
11.530999999999048 -1253.7563687712013
11.540999999999043 -1253.756368710261
11.550999999999037 -1253.756368673486
11.560999999999032 -1253.7563686630356
11.570999999999026 -1253.7563686792441
11.58099999999902 -1253.7563687206061
11.590999999999015 -1253.7563687839097
11.60099999999901 -1253.7563688645018
11.610999999999004 -1253.7563689566396
11.620999999998999 -1253.7563690538977
11.630999999998993 -1253.7563691496255
11.640999999998987 -1253.7563692373749
11.650999999998982 -1253.756369311321
11.660999999998976 -1253.7563693666423
11.67099999999897 -1253.7563693998093
11.680999999998965 -1253.7563694088203
11.69099999999896 -1253.7563693933112
11.700999999998954 -1253.7563693545999
11.710999999998949 -1253.75636929558
11.720999999998943 -1253.7563692205729
11.730999999998938 -1253.7563691350579
11.740999999998932 -1253.75636904529
11.750999999998927 -1253.7563689578049
11.760999999998921 -1253.756368878972
11.770999999998915 -1253.7563688146531
11.78099999999891 -1253.7563687698298
11.790999999998904 -1253.7563687482175
11.800999999998899 -1253.756368751953
11.810999999998893 -1253.756368781414
11.820999999998888 -1253.7563688351704
11.830999999998882 -1253.7563689101173
11.840999999998877 -1253.756369001694
11.850999999998871 -1253.756369104249
11.860999999998866 -1253.756369211431
11.87099999999886 -1253.7563693167256
11.880999999998854 -1253.7563694138555
11.890999999998849 -1253.756369496752
11.900999999998843 -1253.7563695598808
11.910999999998838 -1253.756369599023
11.920999999998832 -1253.7563696116285
11.930999999998827 -1253.756369596898
11.940999999998821 -1253.7563695558008
11.950999999998816 -1253.7563694910264
11.96099999999881 -1253.7563694068156
11.970999999998805 -1253.756369308696
11.980999999998799 -1253.7563692031265
11.990999999998794 -1253.7563690970912
12.000999999998788 -1253.7563689976353
12.010999999998782 -1253.7563689114038
12.020999999998777 -1253.7563688441783
12.030999999998771 -1253.7563688004598
12.040999999998766 -1253.7563687831346
12.05099999999876 -1253.7563687932368
12.060999999998755 -1253.7563688297953
12.07099999999875 -1253.7563688898192
12.080999999998744 -1253.7563689685485
12.090999999998738 -1253.7563690599377
12.100999999998733 -1253.756369157123
12.110999999998727 -1253.7563692529004
12.120999999998721 -1253.7563693402267
12.130999999998716 -1253.7563694126698
12.14099999999871 -1253.7563694648436
12.150999999998705 -1253.7563694927376
12.1609999999987 -1253.7563694939686
12.170999999998694 -1253.7563694679206
12.180999999998688 -1253.7563694157884
12.190999999998683 -1253.7563693404945
12.200999999998677 -1253.7563692465167
12.210999999998672 -1253.7563691396103
12.220999999998666 -1253.756369026461
12.23099999999866 -1253.7563689142592
12.240999999998655 -1253.7563688102414
12.25099999999865 -1253.7563687212216
12.260999999998644 -1253.756368653166
12.270999999998638 -1253.7563686108638
12.280999999998633 -1253.756368597379
12.290999999998627 -1253.7563686133901
12.300999999998622 -1253.7563686573544
12.310999999998616 -1253.7563687259437
12.32099999999861 -1253.756368814261
12.330999999998605 -1253.7563689161454
12.3409999999986 -1253.7563690246357
12.350999999998594 -1253.75636913248
12.360999999998588 -1253.7563692326507
12.370999999998583 -1253.7563693187997
12.380999999998577 -1253.7563693855832
12.390999999998572 -1253.756369428922
12.400999999998566 -1253.7563694463074
12.41099999999856 -1253.7563694370149
12.420999999998555 -1253.756369402138
12.43099999999855 -1253.7563693444902
12.440999999998544 -1253.7563692683934
12.450999999998539 -1253.7563691793885
12.460999999998533 -1253.756369083882
12.470999999998527 -1253.7563689887172
12.480999999998522 -1253.756368900725
12.490999999998516 -1253.7563688262771
12.50099999999851 -1253.7563687708453
12.510999999998505 -1253.756368738623
12.5209999999985 -1253.756368732214
12.530999999998494 -1253.7563687524098
12.540999999998489 -1253.7563687980958
12.550999999998483 -1253.7563688662997
12.560999999998478 -1253.7563689523881
12.570999999998472 -1253.7563690504232
12.580999999998467 -1253.7563691536122
12.590999999998461 -1253.7563692548194
12.600999999998455 -1253.7563693470863
12.61099999999845 -1253.756369424118
12.620999999998444 -1253.7563694807195
12.630999999998439 -1253.7563695131257
12.640999999998433 -1253.7563695192418
12.650999999998428 -1253.7563694987714
12.660999999998422 -1253.7563694532826
12.670999999998417 -1253.7563693861364
12.680999999998411 -1253.7563693019
12.690999999998406 -1253.7563692058222
12.7009999999984 -1253.7563691038276
12.710999999998394 -1253.7563690022812
12.720999999998389 -1253.7563689075791
12.730999999998383 -1253.7563688257962
12.740999999998378 -1253.7563687623083
12.750999999998372 -1253.7563687214451
12.760999999998367 -1253.7563687061502
12.770999999998361 -1253.7563687176869
12.780999999998356 -1253.7563687554214
12.79099999999835 -1253.7563688168102
12.800999999998345 -1253.7563688975947
12.810999999998339 -1253.7563689921683
12.820999999998334 -1253.7563690940256
12.830999999998328 -1253.7563691962187
12.840999999998322 -1253.756369291844
12.850999999998317 -1253.7563693744933
12.860999999998311 -1253.7563694386768
12.870999999998306 -1253.7563694801647
12.8809999999983 -1253.756369496256
12.890999999998295 -1253.7563694859352
12.90099999999829 -1253.7563694499097
12.910999999998284 -1253.7563693905672
12.920999999998278 -1253.756369311788
12.930999999998273 -1253.756369218708
12.940999999998267 -1253.7563691173716
12.950999999998261 -1253.756369014356
12.960999999998256 -1253.756368916347
12.97099999999825 -1253.75636882971
12.980999999998245 -1253.7563687600855
12.99099999999824 -1253.7563687120282
13.000999999998234 -1253.756368688715
13.010999999998228 -1253.7563686916612
13.020999999998223 -1253.7563687205147
13.030999999998217 -1253.7563687730337
13.040999999998212 -1253.7563688453054
13.050999999998206 -1253.7563689320687
13.0609999999982 -1253.7563690271743
13.070999999998195 -1253.756369123921
13.08099999999819 -1253.7563692151125
13.090999999998184 -1253.7563692936837
13.100999999998178 -1253.7563693536
13.110999999998173 -1253.756369390254
13.120999999998167 -1253.7563694006901
13.130999999998162 -1253.7563693837567
13.140999999998156 -1253.756369340181
13.15099999999815 -1253.756369272495
13.160999999998145 -1253.7563691848502
13.17099999999814 -1253.7563690827296
13.180999999998134 -1253.756368972588
13.190999999998128 -1253.7563688614252
13.200999999998123 -1253.756368756337
13.210999999998117 -1253.7563686640588
13.220999999998112 -1253.7563685905307
13.230999999998106 -1253.7563685405173
13.2409999999981 -1253.7563685172913
13.250999999998095 -1253.7563685224047
13.26099999999809 -1253.7563685555624
13.270999999998084 -1253.756368614605
13.280999999998079 -1253.756368695621
13.290999999998073 -1253.756368793189
13.300999999998067 -1253.756368900762
13.310999999998062 -1253.756369011158
13.320999999998056 -1253.7563691170856
13.33099999999805 -1253.7563692116114
13.340999999998045 -1253.7563692885567
13.35099999999804 -1253.756369342964
13.360999999998034 -1253.7563693715053
13.370999999998029 -1253.7563693726954
13.380999999998023 -1253.7563693469529
13.390999999998018 -1253.7563692965487
13.400999999998012 -1253.756369225434
13.410999999998007 -1253.756369138965
13.420999999998001 -1253.7563690435313
13.430999999997995 -1253.7563689461315
13.44099999999799 -1253.7563688538974
13.450999999997984 -1253.7563687736717
13.460999999997979 -1253.7563687116306
13.470999999997973 -1253.7563686725614
13.480999999997968 -1253.756368659236
13.490999999997962 -1253.75636867258
13.500999999997957 -1253.7563687118484
13.510999999997951 -1253.7563687745644
13.520999999997946 -1253.7563688565976
13.53099999999794 -1253.7563689524206
13.540999999997934 -1253.7563690554753
13.550999999997929 -1253.7563691586352
13.560999999997923 -1253.756369254723
13.570999999997918 -1253.7563693370403
13.580999999997912 -1253.7563693998436
13.590999999997907 -1253.756369438744
13.600999999997901 -1253.7563694509959
13.610999999997896 -1253.7563694356597
13.62099999999789 -1253.756369393657
13.630999999997885 -1253.7563693276766
13.640999999997879 -1253.756369241991
13.650999999997874 -1253.7563691420462
13.660999999997868 -1253.7563690340578
13.670999999997862 -1253.7563689246615
13.680999999997857 -1253.7563688205585
13.690999999997851 -1253.756368728081
13.700999999997846 -1253.756368652777
13.71099999999784 -1253.7563685990494
13.720999999997835 -1253.7563685698815
13.73099999999783 -1253.7563685666375
13.740999999997824 -1253.7563685889695
13.750999999997818 -1253.7563686348192
13.760999999997813 -1253.7563687005204
13.770999999997807 -1253.756368781024
13.780999999997801 -1253.756368870209
13.790999999997796 -1253.7563689613128
13.80099999999779 -1253.7563690474308
13.810999999997785 -1253.756369122035
13.82099999999778 -1253.7563691794492
13.830999999997774 -1253.7563692152626
13.840999999997768 -1253.756369226644
13.850999999997763 -1253.75636921261
13.860999999997757 -1253.7563691740422
13.870999999997752 -1253.7563691131716
13.880999999997746 -1253.756369033395
13.89099999999774 -1253.7563689394767
13.900999999997735 -1253.7563688372938
13.91099999999773 -1253.7563687333488
13.920999999997724 -1253.7563686343358
13.930999999997718 -1253.7563685466987
13.940999999997713 -1253.756368476231
13.950999999997707 -1253.7563684277002
13.960999999997702 -1253.7563684045044
13.970999999997696 -1253.7563684083523
13.98099999999769 -1253.7563684391253
13.990999999997685 -1253.756368494959
14.00099999999768 -1253.7563685723771
14.010999999997674 -1253.756368666484
14.020999999997668 -1253.756368771234
14.030999999997663 -1253.7563688798223
14.040999999997657 -1253.756368985148
14.050999999997652 -1253.756369080322
14.060999999997646 -1253.7563691591704
14.07099999999764 -1253.7563692166611
14.080999999997635 -1253.7563692492577
14.09099999999763 -1253.756369255142
14.100999999997624 -1253.7563692343062
14.110999999997619 -1253.7563691885434
14.120999999997613 -1253.7563691212868
14.130999999997607 -1253.7563690373759
14.140999999997602 -1253.756368942702
14.150999999997596 -1253.756368843815
14.16099999999759 -1253.7563687474847
14.170999999997585 -1253.7563686602582
14.18099999999758 -1253.7563685880446
14.190999999997574 -1253.7563685357354
14.200999999997569 -1253.7563685069144
14.210999999997563 -1253.756368503636
14.220999999997558 -1253.7563685263021
14.230999999997552 -1253.7563685736316
14.240999999997547 -1253.756368642772
14.250999999997541 -1253.7563687295424
14.260999999997535 -1253.7563688284665
14.27099999999753 -1253.7563689327342
14.280999999997524 -1253.7563690348827
14.290999999997519 -1253.7563691275668
14.300999999997513 -1253.756369204071
14.310999999997508 -1253.756369258847
14.320999999997502 -1253.7563692879405
14.330999999997497 -1253.7563692892859
14.340999999997491 -1253.7563692628532
14.350999999997486 -1253.75636921062
14.36099999999748 -1253.7563691363707
14.370999999997474 -1253.7563690453353
14.380999999997469 -1253.756368943763
14.390999999997463 -1253.7563688384835
14.400999999997458 -1253.7563687365234
14.410999999997452 -1253.756368644676
14.420999999997447 -1253.7563685690557
14.430999999997441 -1253.75636851468
14.440999999997436 -1253.7563684851182
14.45099999999743 -1253.756368482241
14.460999999997425 -1253.7563685061068
14.470999999997419 -1253.7563685549512
14.480999999997413 -1253.7563686253088
14.490999999997408 -1253.756368712222
14.500999999997402 -1253.7563688095402
14.510999999997397 -1253.756368910306
14.520999999997391 -1253.7563690072127
14.530999999997386 -1253.7563690931192
14.54099999999738 -1253.7563691615642
14.550999999997375 -1253.756369207253
14.56099999999737 -1253.7563692264623
14.570999999997364 -1253.7563692173094
14.580999999997358 -1253.7563691799091
14.590999999997353 -1253.7563691163537
14.600999999997347 -1253.7563690304953
14.610999999997341 -1253.7563689275928
14.620999999997336 -1253.7563688140058
14.63099999999733 -1253.7563686968351
14.640999999997325 -1253.7563685835266
14.65099999999732 -1253.7563684813679
14.660999999997314 -1253.7563683965952
14.670999999997308 -1253.7563683338412
14.680999999997303 -1253.7563682962784
14.690999999997297 -1253.7563682855537
14.700999999997292 -1253.7563683016197
14.710999999997286 -1253.7563683427152
14.72099999999728 -1253.7563684054946
14.730999999997275 -1253.7563684852437
14.74099999999727 -1253.756368576164
14.750999999997264 -1253.7563686717085
14.760999999997258 -1253.75636876501
14.770999999997253 -1253.7563688493165
14.780999999997247 -1253.7563689184692
14.790999999997242 -1253.7563689673632
14.800999999997236 -1253.7563689923306
14.81099999999723 -1253.7563689914107
14.820999999997225 -1253.7563689645024
14.83099999999722 -1253.7563689133647
14.840999999997214 -1253.7563688414962
14.850999999997208 -1253.756368753876
14.860999999997203 -1253.7563686566136
14.870999999997197 -1253.7563685565212
14.880999999997192 -1253.7563684606444
14.890999999997186 -1253.7563683757778
14.90099999999718 -1253.7563683080193
14.910999999997175 -1253.756368262347
14.92099999999717 -1253.7563682421912
14.930999999997164 -1253.756368249186
14.940999999997159 -1253.7563682831608
14.950999999997153 -1253.7563683422327
14.960999999997147 -1253.756368422937
14.970999999997142 -1253.756368520451
14.980999999997136 -1253.7563686288893
14.99099999999713 -1253.7563687416698
15.000999999997125 -1253.7563688519147
15.01099999999712 -1253.7563689528758
15.020999999997114 -1253.7563690383756
15.030999999997109 -1253.7563691032744
15.040999999997103 -1253.756369143925
15.050999999997098 -1253.7563691583005
15.060999999997092 -1253.7563691457146
15.070999999997087 -1253.7563691070243
15.080999999997081 -1253.7563690449408
15.090999999997075 -1253.7563689638237
15.10099999999707 -1253.7563688692824
15.110999999997064 -1253.7563687677728
15.120999999997059 -1253.7563686661601
15.130999999997053 -1253.7563685712303
15.140999999997048 -1253.7563684892389
15.150999999997042 -1253.7563684254753
15.160999999997037 -1253.756368383933
15.170999999997031 -1253.7563683670444
15.180999999997026 -1253.7563683755493
15.19099999999702 -1253.7563684084646
15.200999999997014 -1253.756368463166
15.210999999997009 -1253.7563685355917
15.220999999997003 -1253.756368620511
15.230999999996998 -1253.7563687118209
15.240999999996992 -1253.7563688028295
15.250999999996987 -1253.7563688866744
15.260999999996981 -1253.7563689568854
15.270999999996976 -1253.756369007864
15.28099999999697 -1253.756369035304
15.290999999996965 -1253.7563690365175
15.300999999996959 -1253.7563690106394
15.310999999996953 -1253.756368958712
15.320999999996948 -1253.7563688836135
15.330999999996942 -1253.7563687898512
15.340999999996937 -1253.756368683245
15.350999999996931 -1253.7563685705109
15.360999999996926 -1253.7563684588013
15.37099999999692 -1253.7563683552044
15.380999999996915 -1253.7563682662708
15.39099999999691 -1253.7563681975741
15.400999999996904 -1253.7563681533425
15.410999999996898 -1253.7563681361873
15.420999999996893 -1253.7563681469453
15.430999999996887 -1253.7563681847098
15.440999999996881 -1253.756368246962
15.450999999996876 -1253.756368329429
15.46099999999687 -1253.7563684261
15.470999999996865 -1253.7563685300163
15.48099999999686 -1253.7563686339308
15.490999999996854 -1253.7563687306856
15.500999999996848 -1253.7563688136179
15.510999999996843 -1253.7563688770178
15.520999999996837 -1253.7563689165543
15.530999999996832 -1253.7563689295853
15.540999999996826 -1253.756368915389
15.55099999999682 -1253.7563688751445
15.560999999996815 -1253.7563688117684
15.57099999999681 -1253.7563687297518
15.580999999996804 -1253.7563686349167
15.590999999996798 -1253.7563685340172
15.600999999996793 -1253.7563684342406
15.610999999996787 -1253.756368342693
15.620999999996782 -1253.7563682658945
15.630999999996776 -1253.7563682093225
15.64099999999677 -1253.7563681770391
15.650999999996765 -1253.7563681714114
15.66099999999676 -1253.7563681929605
15.670999999996754 -1253.7563682403393
15.680999999996748 -1253.7563683104372
15.690999999996743 -1253.7563683986095
15.700999999996737 -1253.7563684989889
15.710999999996732 -1253.7563686048743
15.720999999996726 -1253.7563687091642
15.73099999999672 -1253.7563688047817
15.740999999996715 -1253.7563688851349
15.75099999999671 -1253.7563689445317
15.760999999996704 -1253.7563689785884
15.770999999996699 -1253.7563689845674
15.780999999996693 -1253.7563689616177
15.790999999996687 -1253.7563689108772
15.800999999996682 -1253.7563688354278
15.810999999996676 -1253.756368740093
15.82099999999667 -1253.75636863112
15.830999999996665 -1253.7563685158434
15.84099999999666 -1253.7563684021036
15.850999999996654 -1253.7563682972861
15.860999999996649 -1253.7563682078185
15.870999999996643 -1253.756368139081
15.880999999996638 -1253.756368095036
15.890999999996632 -1253.7563680779585
15.900999999996626 -1253.7563680883593
15.910999999996621 -1253.756368125
15.920999999996615 -1253.7563681850052
15.93099999999661 -1253.756368264096
15.940999999996604 -1253.7563683569022
15.950999999996599 -1253.7563684573195
15.960999999996593 -1253.7563685588352
15.970999999996588 -1253.7563686548506
15.980999999996582 -1253.7563687390511
15.990999999996577 -1253.7563688058444
16.000999999996573 -1253.7563688507792
16.010999999996585 -1253.7563688709115
16.020999999996597 -1253.7563688650223
16.03099999999661 -1253.7563688337098
16.04099999999662 -1253.7563687793422
16.050999999996634 -1253.756368705895
16.060999999996646 -1253.756368618667
16.07099999999666 -1253.756368523907
16.08099999999667 -1253.7563684283584
16.090999999996683 -1253.756368338793
16.100999999996695 -1253.7563682615248
16.110999999996707 -1253.756368201964
16.12099999999672 -1253.756368164254
16.13099999999673 -1253.756368150985
16.140999999996744 -1253.7563681630375
16.150999999996756 -1253.7563681995412
16.16099999999677 -1253.756368257973
16.17099999999678 -1253.7563683343676
16.180999999996793 -1253.756368423584
16.190999999996805 -1253.756368519573
16.200999999996817 -1253.756368615753
16.21099999999683 -1253.756368705529
16.22099999999684 -1253.7563687827846
16.230999999996854 -1253.756368842338
16.240999999996866 -1253.7563688799848
16.25099999999688 -1253.75636889244
16.26099999999689 -1253.7563688778973
16.270999999996903 -1253.7563688365062
16.280999999996915 -1253.756368770331
16.290999999996927 -1253.7563686831743
16.30099999999694 -1253.7563685803327
16.31099999999695 -1253.7563684682373
16.320999999996964 -1253.7563683539902
16.330999999996976 -1253.7563682448683
16.34099999999699 -1253.7563681477957
16.350999999997 -1253.7563680688631
16.360999999997013 -1253.7563680128937
16.370999999997025 -1253.756367983118
16.380999999997037 -1253.7563679809596
16.39099999999705 -1253.7563680059661
16.40099999999706 -1253.75636805585
16.410999999997074 -1253.7563681266904
16.420999999997086 -1253.756368213226
16.4309999999971 -1253.7563683092333
16.44099999999711 -1253.7563684079605
16.450999999997123 -1253.7563685025789
16.460999999997135 -1253.7563685866155
16.470999999997147 -1253.7563686543538
16.48099999999716 -1253.7563687011977
16.49099999999717 -1253.7563687239735
16.500999999997184 -1253.756368721119
16.510999999997196 -1253.7563686927274
16.52099999999721 -1253.7563686406154
16.53099999999722 -1253.756368568321
16.540999999997233 -1253.756368480915
16.550999999997245 -1253.756368384643
16.560999999997257 -1253.756368286489
16.57099999999727 -1253.7563681936713
16.58099999999728 -1253.756368113143
16.590999999997294 -1253.7563680510793
16.600999999997306 -1253.7563680124322
16.61099999999732 -1253.756368000579
16.62099999999733 -1253.756368017165
16.630999999997343 -1253.7563680619749
16.640999999997355 -1253.7563681325453
16.650999999997367 -1253.7563682242449
16.66099999999738 -1253.7563683310345
16.67099999999739 -1253.7563684460174
16.680999999997404 -1253.7563685618065
16.690999999997416 -1253.7563686710014
16.70099999999743 -1253.7563687666652
16.71099999999744 -1253.7563688427433
16.720999999997453 -1253.756368894426
16.730999999997465 -1253.756368918432
16.740999999997477 -1253.756368913222
16.75099999999749 -1253.756368879129
16.7609999999975 -1253.7563688183775
16.770999999997514 -1253.7563687349702
16.780999999997526 -1253.7563686344474
16.79099999999754 -1253.7563685235198
16.80099999999755 -1253.7563684096249
16.810999999997563 -1253.7563683004016
16.820999999997575 -1253.7563682030807
16.830999999997587 -1253.7563681238937
16.8409999999976 -1253.7563680676978
16.85099999999761 -1253.75636803771
16.860999999997624 -1253.7563680352998
16.870999999997636 -1253.7563680598926
16.88099999999765 -1253.756368109031
16.89099999999766 -1253.7563681785628
16.900999999997673 -1253.7563682629573
16.910999999997685 -1253.7563683557128
16.920999999997697 -1253.756368449821
16.93099999999771 -1253.7563685382468
16.94099999999772 -1253.756368614407
16.950999999997734 -1253.7563686725791
16.960999999997746 -1253.756368708264
16.97099999999776 -1253.7563687184488
16.98099999999777 -1253.7563687018016
16.990999999997783 -1253.7563686587823
17.000999999997795 -1253.75636859164
17.010999999997807 -1253.7563685043456
17.02099999999782 -1253.7563684024492
17.03099999999783 -1253.7563682925559
17.040999999997844 -1253.7563681814613
17.050999999997856 -1253.7563680759033
17.06099999999787 -1253.7563679824557
17.07099999999788 -1253.756367907033
17.080999999997893 -1253.756367854416
17.090999999997905 -1253.756367827898
17.100999999997917 -1253.7563678290753
17.11099999999793 -1253.7563678577312
17.12099999999794 -1253.756367911881
17.130999999997954 -1253.7563679878933
17.140999999997966 -1253.7563680806586
17.15099999999798 -1253.7563681839301
17.16099999999799 -1253.7563682908392
17.170999999998003 -1253.7563683944322
17.180999999998015 -1253.7563684881438
17.190999999998027 -1253.756368566181
17.20099999999804 -1253.7563686238868
17.21099999999805 -1253.756368657986
17.220999999998064 -1253.7563686667731
17.230999999998076 -1253.756368650204
17.24099999999809 -1253.7563686099224
17.2509999999981 -1253.7563685491732
17.260999999998113 -1253.7563684726206
17.270999999998125 -1253.7563683860467
17.280999999998137 -1253.7563682959667
17.29099999999815 -1253.7563682091713
17.30099999999816 -1253.7563681322458
17.310999999998174 -1253.7563680710925
17.320999999998186 -1253.7563680305054
17.3309999999982 -1253.7563680138153
17.34099999999821 -1253.7563680226638
17.350999999998223 -1253.7563680568687
17.360999999998235 -1253.7563681144673
17.370999999998247 -1253.7563681918605
17.38099999999826 -1253.7563682840873
17.39099999999827 -1253.756368385192
17.400999999998284 -1253.7563684886454
17.410999999998296 -1253.7563685878843
17.42099999999831 -1253.756368676798
17.43099999999832 -1253.7563687497834
17.440999999998333 -1253.756368801886
17.450999999998345 -1253.7563688294642
17.460999999998357 -1253.7563688304983
17.47099999999837 -1253.7563688046098
17.48099999999838 -1253.7563687531695
17.490999999998394 -1253.7563686792776
17.500999999998406 -1253.7563685876103
17.51099999999842 -1253.7563684841252
17.52099999999843 -1253.7563683757066
17.530999999998443 -1253.7563682697073
17.540999999998455 -1253.7563681734498
17.550999999998467 -1253.756368093678
17.56099999999848 -1253.7563680359888
17.57099999999849 -1253.7563680043665
17.580999999998504 -1253.7563680008961
17.590999999998516 -1253.7563680256699
17.60099999999853 -1253.7563680768426
17.61099999999854 -1253.7563681507845
17.620999999998553 -1253.7563682423186
17.630999999998565 -1253.7563683450774
17.640999999998577 -1253.7563684519296
17.65099999999859 -1253.7563685554817
17.6609999999986 -1253.7563686485832
17.670999999998614 -1253.7563687248091
17.680999999998626 -1253.756368778878
17.69099999999864 -1253.7563688069697
17.70099999999865 -1253.7563688069474
17.710999999998663 -1253.756368778468
17.720999999998675 -1253.756368723009
17.730999999998687 -1253.756368643791
17.7409999999987 -1253.7563685456198
17.75099999999871 -1253.7563684346178
17.760999999998724 -1253.7563683178678
17.770999999998736 -1253.7563682028788
17.78099999999875 -1253.7563680970088
17.79099999999876 -1253.7563680069702
17.800999999998773 -1253.7563679384784
17.810999999998785 -1253.7563678959452
17.820999999998797 -1253.7563678820557
17.83099999999881 -1253.7563678971235
17.84099999999882 -1253.7563679391535
17.850999999998834 -1253.7563680044072
17.860999999998846 -1253.7563680876851
17.87099999999886 -1253.7563681826368
17.88099999999887 -1253.7563682821967
17.890999999998883 -1253.7563683790936
17.900999999998895 -1253.7563684663683
17.910999999998907 -1253.7563685378373
17.92099999999892 -1253.7563685884988
17.93099999999893 -1253.7563686148364
17.940999999998944 -1253.7563686150077
17.950999999998956 -1253.7563685889256
17.96099999999897 -1253.7563685382408
17.97099999999898 -1253.7563684662166
17.980999999998993 -1253.7563683775631
17.990999999999005 -1253.7563682781545
18.000999999999017 -1253.7563681746758
18.01099999999903 -1253.756368074193
18.02099999999904 -1253.7563679836926
18.030999999999054 -1253.7563679095852
18.040999999999066 -1253.7563678572533
18.05099999999908 -1253.7563678306708
18.06099999999909 -1253.7563678321053
18.070999999999103 -1253.7563678619576
18.080999999999115 -1253.7563679187242
18.090999999999127 -1253.756367999008
18.10099999999914 -1253.7563680977073
18.11099999999915 -1253.756368208447
18.120999999999164 -1253.7563683241117
18.130999999999176 -1253.75636843736
18.140999999999188 -1253.7563685411287
18.1509999999992 -1253.7563686291237
18.160999999999213 -1253.7563686962337
18.170999999999225 -1253.7563687388672
18.180999999999237 -1253.7563687551472
18.19099999999925 -1253.7563687449692
18.20099999999926 -1253.7563687100255
18.210999999999274 -1253.7563686537424
18.220999999999286 -1253.756368580754
18.230999999999298 -1253.7563684963113
18.24099999999931 -1253.7563684062964
18.250999999999323 -1253.7563683171281
18.260999999999335 -1253.7563682352586
18.270999999999347 -1253.756368166681
18.28099999999936 -1253.756368116503
18.29099999999937 -1253.7563680885764
18.300999999999384 -1253.7563680852008
18.310999999999396 -1253.7563681069396
18.320999999999408 -1253.7563681525548
18.33099999999942 -1253.7563682190928
18.340999999999433 -1253.7563683020778
18.350999999999445 -1253.7563683958303
18.360999999999457 -1253.7563684938793
18.37099999999947 -1253.7563685894183
18.38099999999948 -1253.7563686758035
18.390999999999494 -1253.7563687470356
18.400999999999506 -1253.756368798154
18.410999999999518 -1253.756368825462
18.42099999999953 -1253.756368826747
18.430999999999543 -1253.7563688014832
18.440999999999555 -1253.7563687508855
18.450999999999567 -1253.756368677801
18.46099999999958 -1253.7563685865161
18.47099999999959 -1253.7563684824981
18.480999999999604 -1253.756368372085
18.490999999999616 -1253.7563682620976
18.500999999999628 -1253.75636815941
18.51099999999964 -1253.756368070494
18.520999999999653 -1253.756368000969
18.530999999999665 -1253.7563679552138
18.540999999999677 -1253.7563679360474
18.55099999999969 -1253.756367944527
18.5609999999997 -1253.7563679798593
18.570999999999714 -1253.7563680394524
18.580999999999726 -1253.7563681190838
18.590999999999738 -1253.7563682132056
18.60099999999975 -1253.7563683154272
18.610999999999763 -1253.7563684189288
18.620999999999775 -1253.756368516532
18.630999999999787 -1253.7563686011554
18.6409999999998 -1253.756368666743
18.65099999999981 -1253.7563687087702
18.660999999999824 -1253.7563687244403
18.670999999999836 -1253.7563687128309
18.680999999999848 -1253.756368674914
18.69099999999986 -1253.7563686134613
18.700999999999873 -1253.756368532832
18.710999999999885 -1253.7563684387057
18.720999999999897 -1253.7563683376673
18.73099999999991 -1253.756368236717
18.74099999999992 -1253.7563681428364
18.750999999999934 -1253.756368062626
18.760999999999946 -1253.7563680018732
18.770999999999958 -1253.7563679651312
18.78099999999997 -1253.7563679553748
18.790999999999983 -1253.7563679737568
18.800999999999995 -1253.7563680195021
18.810000000000006 -1253.756368081898
18.820000000000018 -1253.7563681708423
18.83000000000003 -1253.7563682748842
18.840000000000042 -1253.7563683872431
18.850000000000055 -1253.7563685005389
18.860000000000067 -1253.7563686073042
18.87000000000008 -1253.7563687005186
18.88000000000009 -1253.7563687740887
18.890000000000104 -1253.7563688232815
18.900000000000116 -1253.7563688450277
18.910000000000128 -1253.7563688381188
18.92000000000014 -1253.7563688032496
18.930000000000152 -1253.7563687429365
18.940000000000165 -1253.7563686613262
18.950000000000177 -1253.756368563907
18.96000000000019 -1253.7563684571835
18.9700000000002 -1253.7563683482745
18.980000000000214 -1253.7563682444766
18.990000000000226 -1253.7563681528288
19.000000000000238 -1253.7563680797505
19.01000000000025 -1253.7563680304308
19.020000000000262 -1253.7563680080532
19.030000000000275 -1253.7563680137569
19.040000000000287 -1253.7563680468486
19.0500000000003 -1253.7563681047411
19.06000000000031 -1253.756368183093
19.070000000000324 -1253.756368276195
19.080000000000336 -1253.7563683773901
19.090000000000348 -1253.7563684795418
19.10000000000036 -1253.7563685755238
19.110000000000372 -1253.7563686587443
19.120000000000385 -1253.7563687236259
19.130000000000397 -1253.7563687660167
19.14000000000041 -1253.7563687834727
19.15000000000042 -1253.7563687753595
19.160000000000434 -1253.75636874279
19.170000000000446 -1253.756368688462
19.180000000000458 -1253.7563686164578
19.19000000000047 -1253.7563685320079
19.200000000000482 -1253.7563684412037
19.210000000000495 -1253.7563683506032
19.220000000000507 -1253.7563682668078
19.23000000000052 -1253.7563681960248
19.24000000000053 -1253.7563681436388
19.250000000000544 -1253.756368113836
19.260000000000556 -1253.7563681093
19.270000000000568 -1253.756368131006
19.28000000000058 -1253.7563681781266
19.290000000000592 -1253.7563682480657
19.300000000000605 -1253.7563683366166
19.310000000000617 -1253.7563684382374
19.32000000000063 -1253.7563685464343
19.33000000000064 -1253.7563686542085
19.340000000000654 -1253.7563687545714
19.350000000000666 -1253.756368841022
19.360000000000678 -1253.7563689079293
19.37000000000069 -1253.7563689508747
19.380000000000702 -1253.756368967032
19.390000000000715 -1253.7563689555054
19.400000000000727 -1253.7563689174165
19.41000000000074 -1253.7563688554471
19.42000000000075 -1253.7563687733605
19.430000000000764 -1253.7563686761257
19.440000000000776 -1253.7563685697685
19.450000000000788 -1253.7563684609058
19.4600000000008 -1253.7563683562926
19.470000000000812 -1253.7563682624198
19.480000000000825 -1253.7563681851043
19.490000000000837 -1253.756368129108
19.50000000000085 -1253.7563680978049
19.51000000000086 -1253.7563680929306
19.520000000000874 -1253.7563681144545
19.530000000000886 -1253.7563681605454
19.540000000000898 -1253.7563682276968
19.55000000000091 -1253.7563683109424
19.560000000000922 -1253.7563684041997
19.570000000000935 -1253.756368500696
19.580000000000947 -1253.756368593437
19.59000000000096 -1253.7563686757073
19.60000000000097 -1253.7563687415563
19.610000000000984 -1253.756368786217
19.620000000000996 -1253.7563688064579
19.630000000001008 -1253.7563688008056
19.64000000000102 -1253.7563687696525
19.650000000001032 -1253.7563687152178
19.660000000001045 -1253.7563686413812
19.670000000001057 -1253.7563685533507
19.68000000000107 -1253.7563684571983
19.69000000000108 -1253.7563683594324
19.700000000001094 -1253.7563682666805
19.710000000001106 -1253.7563681853396
19.720000000001118 -1253.756368121178
19.73000000000113 -1253.7563680789578
19.740000000001142 -1253.7563680621195
19.750000000001155 -1253.7563680725368
19.760000000001167 -1253.7563681103672
19.77000000000118 -1253.7563681739982
19.78000000000119 -1253.756368260154
19.790000000001204 -1253.7563683641665
19.800000000001216 -1253.7563684802037
19.810000000001228 -1253.7563686012
19.82000000000124 -1253.7563687194006
19.830000000001252 -1253.756368827314
19.840000000001265 -1253.7563689182562
19.850000000001277 -1253.7563689867322
19.86000000000129 -1253.7563690288125
19.8700000000013 -1253.7563690423988
19.880000000001314 -1253.7563690273696
19.890000000001326 -1253.7563689855533
19.900000000001338 -1253.7563689205735
19.91000000000135 -1253.7563688375462
19.920000000001362 -1253.7563687426982
19.930000000001375 -1253.7563686429203
19.940000000001387 -1253.7563685453165
19.9500000000014 -1253.7563684567388
19.96000000000141 -1253.7563683833782
19.970000000001424 -1253.756368330368
19.980000000001436 -1253.7563683014737
19.990000000001448 -1253.7563682987582
20.00000000000146 -1253.7563683223589
20.010000000001472 -1253.7563683704625
20.020000000001485 -1253.7563684395257
20.030000000001497 -1253.7563685245184
20.04000000000151 -1253.7563686192564
20.05000000000152 -1253.7563687168151
20.060000000001533 -1253.7563688100095
20.070000000001546 -1253.7563688918895
20.080000000001558 -1253.7563689562412
20.09000000000157 -1253.7563689980282
20.100000000001582 -1253.7563690137579
20.110000000001595 -1253.7563690017369
20.120000000001607 -1253.7563689622177
20.13000000000162 -1253.756368897379
20.14000000000163 -1253.7563688111845
20.150000000001643 -1253.75636870909
20.160000000001656 -1253.7563685976413
20.170000000001668 -1253.7563684839995
20.18000000000168 -1253.7563683755127
20.190000000001692 -1253.756368279311
20.200000000001705 -1253.7563682016043
20.210000000001717 -1253.7563681469526
20.22000000000173 -1253.756368118324
20.23000000000174 -1253.7563681171862
20.240000000001753 -1253.7563681433307
20.250000000001766 -1253.7563681948398
20.260000000001778 -1253.7563682681846
20.27000000000179 -1253.7563683584585
20.280000000001802 -1253.7563684596903
20.290000000001815 -1253.7563685652494
20.300000000001827 -1253.7563686682786
20.31000000000184 -1253.7563687620861
20.32000000000185 -1253.756368840527
20.330000000001863 -1253.7563688984922
20.340000000001876 -1253.7563689323547
20.350000000001888 -1253.7563689402348
20.3600000000019 -1253.7563689221374
20.370000000001912 -1253.7563688799323
20.380000000001925 -1253.7563688172309
20.390000000001937 -1253.7563687391068
20.40000000000195 -1253.7563686516996
20.41000000000196 -1253.7563685617683
20.420000000001973 -1253.7563684761922
20.430000000001986 -1253.7563684015038
20.440000000001998 -1253.7563683434757
20.45000000000201 -1253.7563683067515
20.460000000002022 -1253.7563682945608
20.470000000002035 -1253.7563683085134
20.480000000002047 -1253.7563683484827
20.49000000000206 -1253.7563684126028
20.50000000000207 -1253.756368497368
20.510000000002083 -1253.7563685978562
20.520000000002096 -1253.7563687080383
20.530000000002108 -1253.7563688211808
20.54000000000212 -1253.7563689302954
20.550000000002132 -1253.7563690286115
20.560000000002145 -1253.7563691100347
20.570000000002157 -1253.7563691695816
20.58000000000217 -1253.7563692038136
20.59000000000218 -1253.756369211067
20.600000000002193 -1253.75636919117
20.610000000002206 -1253.756369145412
20.620000000002218 -1253.7563690768754
20.63000000000223 -1253.756368990225
20.640000000002242 -1253.756368891239
20.650000000002255 -1253.7563687864504
20.660000000002267 -1253.756368682746
20.67000000000228 -1253.7563685868906
20.68000000000229 -1253.756368505081
20.690000000002303 -1253.756368442563
20.700000000002316 -1253.7563684033162
20.710000000002328 -1253.7563683898275
20.72000000000234 -1253.7563684029597
20.730000000002352 -1253.7563684418928
20.740000000002365 -1253.756368504152
20.750000000002377 -1253.756368585687
20.76000000000239 -1253.7563686810618
20.7700000000024 -1253.756368783781
20.780000000002413 -1253.7563688867876
20.790000000002426 -1253.756368982995
20.800000000002438 -1253.756369065808
20.81000000000245 -1253.7563691295725
20.820000000002462 -1253.7563691699395
20.830000000002475 -1253.756369184164
20.840000000002487 -1253.7563691713017
20.8500000000025 -1253.7563691322812
20.86000000000251 -1253.756369069847
20.870000000002523 -1253.7563689883832
20.880000000002536 -1253.756368893588
20.890000000002548 -1253.7563687920576
20.90000000000256 -1253.7563686908015
20.910000000002572 -1253.7563685967405
20.920000000002585 -1253.756368516255
20.930000000002597 -1253.7563684547913
20.94000000000261 -1253.7563684165
20.95000000000262 -1253.7563684038887
20.960000000002633 -1253.7563684176635
20.970000000002646 -1253.7563684568229
20.980000000002658 -1253.7563685188434
20.99000000000267 -1253.756368599637
21.000000000002682 -1253.756368693382
21.010000000002695 -1253.7563687931479
21.020000000002707 -1253.756368891697
21.03000000000272 -1253.75636898194
21.04000000000273 -1253.7563690573436
21.050000000002743 -1253.7563691123853
21.060000000002756 -1253.7563691429375
21.070000000002768 -1253.756369146563
21.08000000000278 -1253.7563691226983
21.090000000002792 -1253.7563690727115
21.100000000002805 -1253.756368999811
21.110000000002817 -1253.7563689088481
21.12000000000283 -1253.7563688059647
21.13000000000284 -1253.7563686981612
21.140000000002853 -1253.7563685927753
21.150000000002866 -1253.7563684969534
21.160000000002878 -1253.7563684171525
21.17000000000289 -1253.756368358709
21.180000000002902 -1253.7563683255228
21.190000000002915 -1253.7563683198277
21.200000000002927 -1253.7563683420756
21.21000000000294 -1253.7563683909232
21.22000000000295 -1253.7563684633226
21.230000000002963 -1253.7563685547152
21.240000000002976 -1253.756368659343
21.250000000002988 -1253.7563687706179
21.260000000003 -1253.7563688814862
21.270000000003012 -1253.7563689848166
21.280000000003024 -1253.7563690739014
21.290000000003037 -1253.7563691430128
21.30000000000305 -1253.7563691878254
21.31000000000306 -1253.756369205704
21.320000000003073 -1253.756369195917
21.330000000003086 -1253.7563691597015
21.340000000003098 -1253.7563691002008
21.35000000000311 -1253.756369022258
21.360000000003122 -1253.7563689320891
21.370000000003134 -1253.7563688368891
21.380000000003147 -1253.7563687443521
21.39000000000316 -1253.7563686617186
21.40000000000317 -1253.756368595035
21.410000000003183 -1253.7563685491598
21.420000000003196 -1253.756368527619
21.430000000003208 -1253.7563685323166
21.44000000000322 -1253.7563685634047
21.450000000003232 -1253.7563686192946
21.460000000003244 -1253.7563686967824
21.470000000003257 -1253.7563687912477
21.48000000000327 -1253.7563688969362
21.49000000000328 -1253.7563690073282
21.500000000003293 -1253.7563691155553
21.510000000003306 -1253.7563692148344
21.520000000003318 -1253.7563692989095
21.53000000000333 -1253.7563693624704
21.540000000003342 -1253.7563694015037
21.550000000003354 -1253.7563694135713
21.560000000003367 -1253.7563693980028
21.57000000000338 -1253.7563693559594
21.58000000000339 -1253.7563692902859
21.590000000003403 -1253.7563692052806
21.600000000003416 -1253.7563691064952
21.610000000003428 -1253.7563690004183
21.62000000000344 -1253.7563688940295
21.630000000003452 -1253.7563687942713
21.640000000003464 -1253.7563687075497
21.650000000003477 -1253.7563686392787
21.66000000000349 -1253.756368593521
21.6700000000035 -1253.7563685727648
21.680000000003513 -1253.7563685777848
21.690000000003526 -1253.7563686076467
21.700000000003538 -1253.756368659789
21.71000000000355 -1253.7563687302124
21.720000000003562 -1253.7563688137539
21.730000000003574 -1253.756368904431
21.740000000003587 -1253.7563689958283
21.7500000000036 -1253.7563690815164
21.76000000000361 -1253.756369155492
21.770000000003623 -1253.756369212675
21.780000000003636 -1253.7563692491321
21.790000000003648 -1253.7563692619224
21.80000000000366 -1253.7563692494218
21.810000000003672 -1253.7563692118706
21.820000000003684 -1253.7563691513885
21.830000000003697 -1253.7563690717764
21.84000000000371 -1253.7563689782817
21.85000000000372 -1253.7563688772382
21.860000000003733 -1253.7563687756322
21.870000000003746 -1253.7563686805913
21.880000000003758 -1253.756368598868
21.89000000000377 -1253.7563685363025
21.900000000003782 -1253.7563684973231
21.910000000003794 -1253.7563684846234
21.920000000003807 -1253.756368499114
21.93000000000382 -1253.7563685399366
21.94000000000383 -1253.7563686045548
21.950000000003843 -1253.7563686889143
21.960000000003856 -1253.756368787708
21.970000000003868 -1253.7563688947325
21.98000000000388 -1253.756369003267
21.990000000003892 -1253.7563691065102
22.000000000003904 -1253.7563691980158
22.010000000003917 -1253.7563692721008
22.02000000000393 -1253.7563693242253
22.03000000000394 -1253.7563693512852
22.040000000003953 -1253.7563693518348
22.050000000003966 -1253.7563693261925
22.060000000003978 -1253.756369276443
22.07000000000399 -1253.7563692063202
22.080000000004002 -1253.756369120968
22.090000000004014 -1253.75636902662
22.100000000004027 -1253.7563689301637
22.11000000000404 -1253.7563688386601
22.12000000000405 -1253.7563687588342
22.130000000004063 -1253.756368696581
22.140000000004076 -1253.7563686565381
22.150000000004088 -1253.7563686417661
22.1600000000041 -1253.7563686536316
22.170000000004112 -1253.7563686918131
22.180000000004124 -1253.7563687540548
22.190000000004137 -1253.7563688360444
22.20000000000415 -1253.756368932086
22.21000000000416 -1253.7563690356767
22.220000000004173 -1253.756369139775
22.230000000004186 -1253.7563692372216
22.240000000004198 -1253.756369321311
22.25000000000421 -1253.756369386263
22.260000000004222 -1253.7563694275902
22.270000000004234 -1253.7563694423866
22.280000000004247 -1253.756369429523
22.29000000000426 -1253.7563693897491
22.30000000000427 -1253.7563693256625
22.310000000004283 -1253.7563692415877
22.320000000004296 -1253.7563691433218
22.330000000004308 -1253.7563690377742
22.34000000000432 -1253.756368932455
22.350000000004332 -1253.7563688348832
22.360000000004344 -1253.7563687519876
22.370000000004357 -1253.7563686896142
22.38000000000437 -1253.756368652151
22.39000000000438 -1253.7563686422773
22.400000000004393 -1253.7563686608034
22.410000000004406 -1253.7563687066388
22.420000000004418 -1253.7563687768848
22.43000000000443 -1253.7563688670364
22.440000000004442 -1253.7563689712993
22.450000000004454 -1253.7563690829845
22.460000000004467 -1253.756369194945
22.47000000000448 -1253.7563693000352
22.48000000000449 -1253.7563693915713
22.490000000004503 -1253.756369463768
22.500000000004515 -1253.756369512109
22.510000000004528 -1253.7563695336562
22.52000000000454 -1253.7563695272506
22.530000000004552 -1253.7563694935218
22.540000000004564 -1253.756369434782
22.550000000004577 -1253.7563693549582
22.56000000000459 -1253.7563692595197
22.5700000000046 -1253.7563691550977
22.580000000004613 -1253.75636904861
22.590000000004625 -1253.7563689467502
22.600000000004638 -1253.75636885597
22.61000000000465 -1253.7563687820546
22.620000000004662 -1253.7563687296185
22.630000000004674 -1253.7563687017364
22.640000000004687 -1253.7563686997462
22.6500000000047 -1253.7563687231898
22.66000000000471 -1253.7563687698707
22.670000000004723 -1253.7563688360578
22.680000000004735 -1253.7563689167416
22.690000000004748 -1253.756369006007
22.70000000000476 -1253.756369097407
22.710000000004772 -1253.7563691843961
22.720000000004784 -1253.7563692607537
22.730000000004797 -1253.7563693209818
22.74000000000481 -1253.7563693606633
22.75000000000482 -1253.7563693767602
22.760000000004833 -1253.7563693678103
22.770000000004845 -1253.7563693340423
22.780000000004858 -1253.7563692773872
22.79000000000487 -1253.7563692013691
22.800000000004882 -1253.756369110894
22.810000000004894 -1253.7563690119528
22.820000000004907 -1253.756368911234
22.83000000000492 -1253.7563688157006
22.84000000000493 -1253.7563687320724
22.850000000004943 -1253.756368666278
22.860000000004955 -1253.7563686229341
22.870000000004968 -1253.7563686051042
22.88000000000498 -1253.756368614121
22.890000000004992 -1253.7563686495225
22.900000000005004 -1253.7563687091113
22.910000000005017 -1253.756368789143
22.92000000000503 -1253.7563688846255
22.93000000000504 -1253.756368989663
22.940000000005053 -1253.7563690978493
22.950000000005065 -1253.7563692027175
22.960000000005078 -1253.7563692982374
22.97000000000509 -1253.7563693789684
22.980000000005102 -1253.7563694400083
22.990000000005114 -1253.7563694775774
23.000000000005127 -1253.7563694895862
23.01000000000514 -1253.7563694757189
23.02000000000515 -1253.7563694374032
23.030000000005163 -1253.7563693777147
23.040000000005175 -1253.7563693012069
23.050000000005188 -1253.7563692136105
23.0600000000052 -1253.756369121457
23.070000000005212 -1253.756369031638
23.080000000005224 -1253.7563689509386
23.090000000005237 -1253.7563688855314
23.10000000000525 -1253.7563688405196
23.11000000000526 -1253.7563688195494
23.120000000005273 -1253.7563688245004
23.130000000005285 -1253.756368855363
23.140000000005298 -1253.7563689102576
23.15000000000531 -1253.7563689856158
23.160000000005322 -1253.7563690764166
23.170000000005334 -1253.7563691764706
23.180000000005347 -1253.756369278829
23.19000000000536 -1253.7563693763552
23.20000000000537 -1253.7563694622343
23.210000000005383 -1253.7563695303968
23.220000000005395 -1253.7563695759122
23.230000000005408 -1253.7563695952888
23.24000000000542 -1253.7563695867173
23.250000000005432 -1253.7563695501879
23.260000000005444 -1253.756369487507
23.270000000005457 -1253.7563694021962
23.28000000000547 -1253.7563692992805
23.29000000000548 -1253.7563691849953
23.300000000005493 -1253.756369066398
23.310000000005505 -1253.7563689509245
23.320000000005518 -1253.7563688458968
23.33000000000553 -1253.756368758014
23.340000000005542 -1253.7563686928938
23.350000000005554 -1253.756368654709
23.360000000005567 -1253.7563686458877
23.37000000000558 -1253.7563686665399
23.38000000000559 -1253.7563687143002
23.390000000005603 -1253.7563687849758
23.400000000005615 -1253.7563688730204
23.410000000005628 -1253.7563689718736
23.42000000000564 -1253.756369074397
23.430000000005652 -1253.7563691733799
23.440000000005664 -1253.7563692620176
23.450000000005677 -1253.756369334335
23.46000000000569 -1253.7563693855811
23.4700000000057 -1253.756369412518
23.480000000005713 -1253.7563694135445
23.490000000005725 -1253.7563693887007
23.500000000005738 -1253.7563693397015
23.51000000000575 -1253.7563692699055
23.520000000005762 -1253.7563691841394
23.530000000005774 -1253.756369088361
23.540000000005787 -1253.7563689892877
23.5500000000058 -1253.756368893941
23.56000000000581 -1253.756368809196
23.570000000005823 -1253.756368741296
23.580000000005835 -1253.7563686954022
23.590000000005848 -1253.7563686752092
23.60000000000586 -1253.756368682634
23.610000000005872 -1253.7563687176482
23.620000000005884 -1253.7563687782667
23.630000000005897 -1253.7563688606947
23.64000000000591 -1253.7563689596348
23.65000000000592 -1253.756369068683
23.660000000005933 -1253.7563691807934
23.670000000005945 -1253.7563692887786
23.680000000005958 -1253.7563693857744
23.69000000000597 -1253.7563694657129
23.700000000005982 -1253.7563695236995
23.710000000005994 -1253.75636955633
23.720000000006007 -1253.7563695618924
23.73000000000602 -1253.7563695404633
23.74000000000603 -1253.7563694939251
23.750000000006043 -1253.7563694259325
23.760000000006055 -1253.7563693415304
23.770000000006068 -1253.7563692464
23.78000000000608 -1253.7563691466771
23.790000000006092 -1253.7563690489462
23.800000000006104 -1253.7563689597182
23.810000000006116 -1253.756368884864
23.82000000000613 -1253.7563688292662
23.83000000000614 -1253.756368796562
23.840000000006153 -1253.756368788839
23.850000000006165 -1253.7563688064536
23.860000000006178 -1253.7563688479636
23.87000000000619 -1253.7563689102358
23.880000000006202 -1253.7563689886792
23.890000000006214 -1253.7563690776174
23.900000000006226 -1253.7563691707267
23.91000000000624 -1253.7563692615113
23.92000000000625 -1253.7563693437698
23.930000000006263 -1253.756369411993
23.940000000006275 -1253.7563694616622
23.950000000006288 -1253.7563694894548
23.9600000000063 -1253.756369493427
23.970000000006312 -1253.7563694731648
23.980000000006324 -1253.7563694298822
23.990000000006336 -1253.7563693663794
24.00000000000635 -1253.7563692868605
24.01000000000636 -1253.756369196644
24.020000000006373 -1253.756369101802
24.030000000006385 -1253.7563690087711
24.040000000006398 -1253.756368923923
24.05000000000641 -1253.756368853156
24.060000000006422 -1253.7563688015018
24.070000000006434 -1253.756368772768
24.080000000006446 -1253.756368769237
24.09000000000646 -1253.7563687914992
24.10000000000647 -1253.756368838357
24.110000000006483 -1253.7563689068902
24.120000000006495 -1253.756368992551
24.130000000006508 -1253.7563690894838
24.14000000000652 -1253.75636919111
24.150000000006532 -1253.7563692907156
24.160000000006544 -1253.7563693815757
24.170000000006556 -1253.75636945712
24.18000000000657 -1253.75636951175
24.19000000000658 -1253.756369541419
24.200000000006593 -1253.7563695437905
24.210000000006605 -1253.7563695183376
24.220000000006618 -1253.7563694663666
24.23000000000663 -1253.756369390931
24.240000000006642 -1253.7563692966226
24.250000000006654 -1253.7563691892674
24.260000000006666 -1253.7563690755603
24.27000000000668 -1253.7563689626284
24.28000000000669 -1253.756368857577
24.290000000006703 -1253.7563687670245
24.300000000006715 -1253.7563686966744
24.310000000006728 -1253.7563686509172
24.32000000000674 -1253.7563686325097
24.330000000006752 -1253.7563686423678
24.340000000006764 -1253.7563686794535
24.350000000006776 -1253.7563687408397
24.36000000000679 -1253.7563688219016
24.3700000000068 -1253.7563689166782
24.380000000006813 -1253.7563690183267
24.390000000006825 -1253.756369119623
24.400000000006838 -1253.7563692134866
24.41000000000685 -1253.7563692934782
24.420000000006862 -1253.7563693542274
24.430000000006874 -1253.7563693917384
24.440000000006886 -1253.7563694035325
24.4500000000069 -1253.7563693888173
24.46000000000691 -1253.756369348609
24.470000000006923 -1253.7563692856977
24.480000000006935 -1253.7563692044484
24.490000000006948 -1253.7563691105088
24.50000000000696 -1253.7563690104498
24.510000000006972 -1253.7563689113408
24.520000000006984 -1253.756368820281
24.530000000006996 -1253.7563687439501
24.54000000000701 -1253.7563686882568
24.55000000000702 -1253.7563686578521
24.560000000007033 -1253.7563686553667
24.570000000007045 -1253.7563686812168
24.580000000007058 -1253.756368733961
24.59000000000707 -1253.7563688104065
24.600000000007082 -1253.75636890571
24.610000000007094 -1253.7563690137092
24.620000000007106 -1253.7563691273842
24.63000000000712 -1253.7563692393662
24.64000000000713 -1253.7563693424652
24.650000000007143 -1253.756369430159
24.660000000007155 -1253.7563694970195
24.670000000007168 -1253.756369539057
24.68000000000718 -1253.756369553962
24.690000000007192 -1253.7563695412314
24.700000000007204 -1253.7563695021786
24.710000000007216 -1253.7563694398216
24.72000000000723 -1253.75636935867
24.73000000000724 -1253.7563692644417
24.740000000007253 -1253.7563691636676
24.750000000007265 -1253.756369063202
24.760000000007278 -1253.756368969692
24.77000000000729 -1253.7563688892017
24.780000000007302 -1253.756368826899
24.790000000007314 -1253.7563687867341
24.800000000007326 -1253.75636877115
24.81000000000734 -1253.7563687808927
24.82000000000735 -1253.7563688149326
24.830000000007363 -1253.75636887049
24.840000000007375 -1253.7563689432072
24.850000000007388 -1253.7563690274314
24.8600000000074 -1253.7563691166422
24.870000000007412 -1253.756369203936
24.880000000007424 -1253.7563692825515
24.890000000007436 -1253.7563693463644
24.90000000000745 -1253.7563693903212
24.91000000000746 -1253.7563694107769
24.920000000007473 -1253.7563694057278
24.930000000007485 -1253.7563693749744
24.940000000007498 -1253.7563693201998
24.95000000000751 -1253.7563692445874
24.960000000007522 -1253.7563691522455
24.970000000007534 -1253.7563690482498
24.980000000007546 -1253.7563689386195
24.99000000000756 -1253.756368829862
25.00000000000757 -1253.756368728521
